ScreenSize,AMD Ryzen 3,AMD Ryzen 5,AMD Ryzen 7,AMD Ryzen 9,Apple M1,Apple M1 Max,Apple M1 Pro,Intel Celeron,Intel Core 2 Duo,Intel Core i3,Intel Core i5,Intel Core i7,Intel Core i8,Intel Core i9,Intel Core m3,Intel Pentium,RAM,HDD,SSD,eMMC
15.6,0,0,0,0,0,0,0,0,0,0,1,0,0,0,0,0,8,0,256,0
14.0,0,1,0,0,0,0,0,0,0,0,0,0,0,0,0,0,8,0,512,0
13.3,0,0,0,0,1,0,0,0,0,0,0,0,0,0,0,0,16,0,256,0
14.0,0,0,0,0,0,0,0,0,0,0,1,0,0,0,0,0,8,0,512,0
15.6,0,1,0,0,0,0,0,0,0,0,0,0,0,0,0,0,8,0,512,0
13.3,0,0,0,0,0,0,0,0,0,0,0,1,0,0,0,0,16,0,1000,0
24.0,0,0,0,0,1,0,0,0,0,0,0,0,0,0,0,0,8,0,256,0
13.3,0,0,0,0,0,0,0,0,0,0,1,0,0,0,0,0,8,0,512,0
13.3,0,0,0,0,1,0,0,0,0,0,0,0,0,0,0,0,16,0,256,0
15.6,0,0,0,0,0,0,0,0,0,0,0,1,0,0,0,0,8,0,512,0
15.6,0,1,0,0,0,0,0,0,0,0,0,0,0,0,0,0,8,0,512,0
15.6,0,0,0,0,0,0,0,0,0,0,1,0,0,0,0,0,8,0,512,0
14.0,0,0,0,0,0,0,0,0,0,0,1,0,0,0,0,0,8,0,512,0
13.3,0,0,0,0,0,0,0,0,0,0,1,0,0,0,0,0,8,0,512,0
14.0,0,0,0,0,0,0,0,0,0,0,1,0,0,0,0,0,8,0,512,0
15.6,0,0,0,0,0,0,0,0,0,0,1,0,0,0,0,0,8,0,512,0
11.6,0,0,0,0,0,0,0,1,0,0,0,0,0,0,0,0,4,0,0,128
15.6,0,0,0,0,0,0,0,0,0,0,1,0,0,0,0,0,8,0,512,0
16.0,0,1,0,0,0,0,0,0,0,0,0,0,0,0,0,0,16,0,512,0
16.2,0,0,0,0,0,1,0,0,0,0,0,0,0,0,0,0,32,0,512,0
12.4,0,0,0,0,0,0,0,0,0,0,1,0,0,0,0,0,8,0,128,0
15.6,0,0,0,0,0,0,0,0,0,0,1,0,0,0,0,0,8,0,256,0
16.0,0,1,0,0,0,0,0,0,0,0,0,0,0,0,0,0,8,0,512,0
16.1,0,1,0,0,0,0,0,0,0,0,0,0,0,0,0,0,8,0,512,0
14.0,0,0,1,0,0,0,0,0,0,0,0,0,0,0,0,0,16,0,512,0
13.3,0,0,0,0,0,0,0,0,0,0,1,0,0,0,0,0,8,0,512,0
14.0,0,0,0,0,0,0,0,0,0,0,1,0,0,0,0,0,4,0,512,0
15.6,0,0,0,0,0,0,0,0,0,0,1,0,0,0,0,0,16,0,512,0
14.0,0,1,0,0,0,0,0,0,0,0,0,0,0,0,0,0,8,0,512,0
15.6,0,0,0,0,0,0,0,0,0,0,1,0,0,0,0,0,8,0,256,0
15.6,0,0,0,0,0,0,0,0,0,0,0,1,0,0,0,0,8,0,512,0
14.0,0,1,0,0,0,0,0,0,0,0,0,0,0,0,0,0,8,0,512,0
16.0,0,0,0,0,0,0,0,0,0,0,0,1,0,0,0,0,16,0,512,0
13.3,0,0,0,0,1,0,0,0,0,0,0,0,0,0,0,0,16,0,512,0
12.3,0,0,0,0,0,0,0,0,0,0,1,0,0,0,0,0,8,0,128,0
15.6,0,0,0,0,0,0,0,0,0,0,0,1,0,0,0,0,8,0,512,0
13.0,0,0,0,0,0,0,0,0,0,0,1,0,0,0,0,0,8,0,128,0
15.6,0,0,0,0,0,0,0,0,0,0,1,0,0,0,0,0,8,0,512,0
15.6,1,0,0,0,0,0,0,0,0,0,0,0,0,0,0,0,8,0,512,0
14.0,0,0,0,0,0,0,0,0,0,0,1,0,0,0,0,0,8,0,512,0
15.6,0,0,1,0,0,0,0,0,0,0,0,0,0,0,0,0,8,0,512,0
12.3,0,0,0,0,0,0,0,0,0,1,0,0,0,0,0,0,4,0,512,0
15.6,0,0,0,0,0,0,0,0,0,0,1,0,0,0,0,0,8,0,256,0
15.6,0,0,0,0,0,0,0,0,0,0,1,0,0,0,0,0,8,0,512,0
15.6,0,0,0,0,0,0,0,0,0,0,1,0,0,0,0,0,8,0,1000,0
14.0,0,0,0,0,0,0,0,0,0,0,1,0,0,0,0,0,8,0,512,0
15.6,0,0,0,0,0,0,0,0,0,0,1,0,0,0,0,0,8,0,512,0
14.0,0,0,0,0,0,0,0,0,0,0,1,0,0,0,0,0,8,0,256,0
15.6,0,0,0,0,0,0,0,0,0,0,0,1,0,0,0,0,16,0,512,0
13.3,0,0,0,0,0,0,0,0,0,0,1,0,0,0,0,0,8,0,256,0
15.6,0,0,1,0,0,0,0,0,0,0,0,0,0,0,0,0,16,0,512,0
15.6,0,0,0,0,0,0,0,0,0,0,1,0,0,0,0,0,8,0,512,0
15.6,0,0,0,0,0,0,0,0,0,1,0,0,0,0,0,0,4,0,256,0
15.6,0,1,0,0,0,0,0,0,0,0,0,0,0,0,0,0,16,0,512,0
14.0,0,1,0,0,0,0,0,0,0,0,0,0,0,0,0,0,8,0,512,0
14.0,0,0,0,0,0,0,0,0,0,1,0,0,0,0,0,0,4,0,512,0
14.2,0,0,0,0,0,0,1,0,0,0,0,0,0,0,0,0,16,0,512,0
14.0,0,0,0,0,0,0,0,0,0,0,0,0,0,0,0,1,4,0,128,0
15.6,0,0,0,0,0,0,0,0,0,0,0,1,0,0,0,0,16,0,1000,0
15.6,0,0,0,0,0,0,0,0,0,0,1,0,0,0,0,0,8,0,256,0
14.0,0,0,0,0,0,0,0,0,0,1,0,0,0,0,0,0,8,0,256,0
17.3,0,0,1,0,0,0,0,0,0,0,0,0,0,0,0,0,16,0,512,0
15.6,0,0,0,0,0,0,0,0,0,0,1,0,0,0,0,0,8,0,512,0
15.6,0,0,0,0,0,0,0,0,0,0,1,0,0,0,0,0,8,0,512,0
13.5,0,1,0,0,0,0,0,0,0,0,0,0,0,0,0,0,8,0,256,0
15.6,0,0,0,0,0,0,0,0,0,0,1,0,0,0,0,0,8,0,512,0
15.6,0,0,0,0,0,0,0,0,0,0,1,0,0,0,0,0,8,0,512,0
16.1,0,0,1,0,0,0,0,0,0,0,0,0,0,0,0,0,8,0,512,0
15.6,0,0,0,0,0,0,0,0,0,0,1,0,0,0,0,0,4,0,256,0
15.6,0,1,0,0,0,0,0,0,0,0,0,0,0,0,0,0,8,0,512,0
14.0,0,0,0,0,0,0,0,0,0,0,0,1,0,0,0,0,16,0,512,0
14.0,0,0,0,0,0,0,0,0,0,0,1,0,0,0,0,0,8,0,512,0
12.3,0,0,0,0,0,0,0,0,0,0,1,0,0,0,0,0,8,0,256,0
13.3,0,0,0,0,1,0,0,0,0,0,0,0,0,0,0,0,8,0,512,0
15.6,0,0,0,0,0,0,0,0,0,0,0,1,0,0,0,0,8,0,512,0
11.6,0,0,0,0,0,0,0,0,0,0,0,0,0,0,0,1,4,0,256,0
16.2,0,0,0,0,0,0,1,0,0,0,0,0,0,0,0,0,16,0,512,0
15.6,0,0,0,0,0,0,0,0,0,0,1,0,0,0,0,0,8,0,256,0
15.6,0,0,0,0,0,0,0,0,0,0,1,0,0,0,0,0,12,0,256,0
15.6,0,0,0,0,0,0,0,0,0,0,1,0,0,0,0,0,8,0,512,0
15.6,0,0,0,0,0,0,0,0,0,1,0,0,0,0,0,0,4,1000,0,0
15.6,0,0,1,0,0,0,0,0,0,0,0,0,0,0,0,0,8,0,512,0
15.6,0,0,1,0,0,0,0,0,0,0,0,0,0,0,0,0,8,0,512,0
15.6,0,0,1,0,0,0,0,0,0,0,0,0,0,0,0,0,16,0,512,0
14.0,0,1,0,0,0,0,0,0,0,0,0,0,0,0,0,0,16,0,512,0
14.0,0,0,0,0,0,0,0,0,0,0,1,0,0,0,0,0,8,0,512,0
15.6,0,0,0,0,0,0,0,0,0,0,0,1,0,0,0,0,16,0,128,0
15.6,0,0,1,0,0,0,0,0,0,0,0,0,0,0,0,0,8,0,512,0
15.6,0,0,0,0,0,0,0,0,0,0,1,0,0,0,0,0,8,0,512,0
15.6,0,0,0,0,0,0,0,0,0,1,0,0,0,0,0,0,4,0,128,0
15.6,0,1,0,0,0,0,0,0,0,0,0,0,0,0,0,0,8,0,256,0
16.0,0,0,0,0,0,0,0,0,0,0,0,0,0,1,0,0,32,0,1000,0
14.0,0,0,0,0,0,0,0,0,0,0,1,0,0,0,0,0,8,0,512,0
15.6,0,0,1,0,0,0,0,0,0,0,0,0,0,0,0,0,8,0,512,0
15.6,0,1,0,0,0,0,0,0,0,0,0,0,0,0,0,0,8,0,256,0
15.6,0,0,0,0,0,0,0,0,0,1,0,0,0,0,0,0,8,0,256,0
15.6,0,0,0,0,0,0,0,0,0,1,0,0,0,0,0,0,4,0,256,0
15.6,0,0,0,0,0,0,0,0,0,1,0,0,0,0,0,0,4,0,512,0
15.6,0,0,0,0,0,0,0,0,0,0,0,1,0,0,0,0,32,0,1000,0
13.3,0,0,0,0,0,0,0,0,0,0,1,0,0,0,0,0,8,0,512,0
13.3,0,0,0,0,1,0,0,0,0,0,0,0,0,0,0,0,8,0,512,0
14.0,0,0,0,0,0,0,0,0,0,1,0,0,0,0,0,0,4,0,256,0
13.3,0,0,0,0,1,0,0,0,0,0,0,0,0,0,0,0,16,0,512,0
15.6,0,0,0,0,0,0,0,0,0,0,1,0,0,0,0,0,8,0,512,0
15.6,0,0,0,0,0,0,0,0,0,0,0,1,0,0,0,0,8,0,512,0
13.5,0,0,0,0,0,0,0,0,0,0,1,0,0,0,0,0,8,0,128,0
14.0,0,0,0,0,0,0,0,0,0,1,0,0,0,0,0,0,8,0,256,0
15.6,0,0,1,0,0,0,0,0,0,0,0,0,0,0,0,0,8,0,512,0
14.0,0,0,0,0,0,0,0,0,0,0,1,0,0,0,0,0,8,0,256,0
13.0,0,0,0,0,0,0,0,0,0,0,1,0,0,0,0,0,8,0,256,0
15.6,0,0,0,0,0,0,0,0,0,0,1,0,0,0,0,0,8,0,512,0
14.0,0,0,0,0,0,0,0,0,0,0,1,0,0,0,0,0,8,0,512,0
15.6,0,0,0,0,0,0,0,0,0,0,1,0,0,0,0,0,16,0,512,0
14.0,0,0,0,0,0,0,0,0,0,0,1,0,0,0,0,0,8,0,512,0
14.0,0,0,0,0,0,0,0,0,0,0,1,0,0,0,0,0,8,0,512,0
12.4,0,0,0,0,0,0,0,0,0,0,1,0,0,0,0,0,4,0,64,0
14.0,0,0,0,0,0,0,0,0,0,1,0,0,0,0,0,0,8,0,256,0
14.0,0,0,0,0,0,0,0,0,0,0,0,1,0,0,0,0,8,0,512,0
15.6,0,0,0,0,0,0,0,0,0,0,0,1,0,0,0,0,8,0,512,0
15.6,0,0,0,0,0,0,0,0,0,0,1,0,0,0,0,0,8,0,512,0
16.2,0,0,0,0,0,0,1,0,0,0,0,0,0,0,0,0,16,0,512,0
14.0,0,0,0,0,0,0,0,0,0,1,0,0,0,0,0,0,4,0,256,0
15.6,0,0,0,0,0,0,0,0,0,0,1,0,0,0,0,0,8,0,512,0
14.0,0,0,0,0,0,0,0,0,0,0,0,1,0,0,0,0,16,0,1000,0
16.1,0,0,0,0,0,0,0,0,0,0,1,0,0,0,0,0,8,0,512,0
15.6,0,0,0,0,0,0,0,0,0,0,1,0,0,0,0,0,8,0,512,0
15.6,0,0,0,0,0,0,0,0,0,0,1,0,0,0,0,0,4,0,512,0
15.6,0,0,0,0,0,0,0,0,0,0,1,0,0,0,0,0,8,0,512,0
15.6,0,0,0,0,0,0,0,0,0,0,0,1,0,0,0,0,16,1000,0,0
15.6,0,0,1,0,0,0,0,0,0,0,0,0,0,0,0,0,16,0,512,0
14.0,0,0,1,0,0,0,0,0,0,0,0,0,0,0,0,0,16,0,1000,0
15.6,0,0,0,0,0,0,0,0,0,0,1,0,0,0,0,0,8,0,512,0
15.6,0,0,0,0,0,0,0,0,0,0,1,0,0,0,0,0,16,0,512,0
15.6,0,0,0,0,0,0,0,0,0,0,1,0,0,0,0,0,8,0,512,0
14.0,0,0,0,0,0,0,0,0,0,0,1,0,0,0,0,0,16,0,512,0
14.0,0,0,1,0,0,0,0,0,0,0,0,0,0,0,0,0,8,0,512,0
14.0,0,0,1,0,0,0,0,0,0,0,0,0,0,0,0,0,8,0,512,0
15.6,0,1,0,0,0,0,0,0,0,0,0,0,0,0,0,0,8,0,256,0
14.0,0,0,0,0,0,0,0,0,0,0,1,0,0,0,0,0,8,0,256,0
15.6,0,0,0,0,0,0,0,0,0,0,0,1,0,0,0,0,8,0,512,0
15.6,0,0,0,0,0,0,0,0,0,0,1,0,0,0,0,0,8,0,256,0
15.6,0,0,0,0,0,0,0,0,0,1,0,0,0,0,0,0,4,0,512,0
15.6,0,0,0,0,0,0,0,0,0,0,1,0,0,0,0,0,12,0,256,0
14.0,0,0,0,0,0,0,0,0,0,0,1,0,0,0,0,0,8,0,512,0
15.6,0,0,1,0,0,0,0,0,0,0,0,0,0,0,0,0,16,0,1000,0
15.6,0,0,0,0,0,0,0,0,0,0,1,0,0,0,0,0,8,0,256,0
15.6,0,0,1,0,0,0,0,0,0,0,0,0,0,0,0,0,8,0,512,0
14.0,1,0,0,0,0,0,0,0,0,0,0,0,0,0,0,0,4,0,256,0
17.3,0,0,1,0,0,0,0,0,0,0,0,0,0,0,0,0,8,0,512,0
15.6,0,0,0,0,0,0,0,0,0,1,0,0,0,0,0,0,4,0,128,0
13.3,0,0,0,0,0,0,0,0,0,0,0,1,0,0,0,0,16,0,512,0
13.3,0,0,0,0,0,0,0,0,0,0,0,1,0,0,0,0,16,0,512,0
15.6,0,0,0,0,0,0,0,0,0,1,0,0,0,0,0,0,4,0,128,0
14.0,0,0,0,0,0,0,0,0,0,1,0,0,0,0,0,0,4,0,256,0
16.0,0,0,0,0,0,0,0,0,0,0,0,1,0,0,0,0,16,0,512,0
15.6,0,0,0,0,0,0,0,0,0,0,1,0,0,0,0,0,8,0,512,0
14.0,0,0,0,0,0,0,0,0,0,1,0,0,0,0,0,0,8,0,512,0
14.0,0,0,0,0,0,0,0,0,0,0,1,0,0,0,0,0,8,0,512,0
15.6,0,0,1,0,0,0,0,0,0,0,0,0,0,0,0,0,8,0,512,0
15.6,0,0,0,0,0,0,0,0,0,0,0,1,0,0,0,0,16,0,512,0
16.0,0,0,1,0,0,0,0,0,0,0,0,0,0,0,0,0,16,0,512,0
13.0,0,0,0,0,0,0,0,0,0,0,1,0,0,0,0,0,16,0,256,0
16.0,0,1,0,0,0,0,0,0,0,0,0,0,0,0,0,0,16,0,512,0
15.6,0,0,0,0,0,0,0,0,0,0,1,0,0,0,0,0,8,0,256,0
15.6,0,0,0,0,0,0,0,0,0,0,0,1,0,0,0,0,16,0,2000,0
17.3,0,0,0,0,0,0,0,0,0,0,1,0,0,0,0,0,8,0,512,0
15.6,0,0,1,0,0,0,0,0,0,0,0,0,0,0,0,0,8,0,512,0
15.6,0,0,0,0,0,0,0,0,0,1,0,0,0,0,0,0,4,0,128,0
14.0,0,0,0,0,0,0,0,0,0,0,1,0,0,0,0,0,8,0,512,0
15.6,0,0,0,0,0,0,0,0,0,0,1,0,0,0,0,0,12,0,256,0
13.3,0,0,1,0,0,0,0,0,0,0,0,0,0,0,0,0,8,0,512,0
15.6,0,0,0,0,0,0,0,0,0,1,0,0,0,0,0,0,4,0,512,0
14.0,0,0,0,0,0,0,0,0,0,0,0,1,0,0,0,0,8,0,512,0
16.0,0,0,0,0,0,0,0,0,0,0,0,1,0,0,0,0,32,0,1000,0
13.3,0,0,1,0,0,0,0,0,0,0,0,0,0,0,0,0,8,0,256,0
14.0,0,0,1,0,0,0,0,0,0,0,0,0,0,0,0,0,8,0,512,0
16.0,0,0,0,0,0,0,0,0,0,0,0,0,0,1,0,0,32,0,2000,0
14.0,0,0,0,0,0,0,0,0,0,0,0,1,0,0,0,0,8,0,512,0
14.0,0,0,0,0,0,0,0,0,0,0,1,0,0,0,0,0,8,0,512,0
15.6,0,0,0,0,0,0,0,0,0,0,1,0,0,0,0,0,8,0,512,0
14.0,0,0,0,0,0,0,0,0,0,0,0,1,0,0,0,0,8,0,512,0
13.3,0,0,0,0,0,0,0,0,0,0,1,0,0,0,0,0,8,0,256,0
15.6,0,0,0,0,0,0,0,0,0,0,1,0,0,0,0,0,8,0,512,0
13.3,0,0,0,0,0,0,0,0,0,0,0,1,0,0,0,0,8,0,512,0
14.0,1,0,0,0,0,0,0,0,0,0,0,0,0,0,0,0,4,0,512,0
15.6,0,0,0,0,0,0,0,0,0,0,1,0,0,0,0,0,8,0,512,0
15.6,0,0,0,0,0,0,0,0,0,1,0,0,0,0,0,0,8,0,256,0
15.6,0,0,0,0,0,0,0,0,0,0,1,0,0,0,0,0,8,0,256,0
13.3,0,0,0,0,0,0,0,0,0,1,0,0,0,0,0,0,8,0,256,0
14.0,0,0,0,0,0,0,0,0,0,1,0,0,0,0,0,0,4,0,128,0
14.0,0,0,0,0,0,0,0,0,0,0,1,0,0,0,0,0,8,0,512,0
13.3,0,0,0,0,0,0,0,0,0,1,0,0,0,0,0,0,8,0,512,0
14.0,0,1,0,0,0,0,0,0,0,0,0,0,0,0,0,0,8,0,512,0
15.6,0,1,0,0,0,0,0,0,0,0,0,0,0,0,0,0,8,0,512,0
15.6,0,1,0,0,0,0,0,0,0,0,0,0,0,0,0,0,8,0,256,0
12.3,0,0,0,0,0,0,0,0,0,0,0,1,0,0,0,0,16,0,256,0
24.0,0,0,0,0,1,0,0,0,0,0,0,0,0,0,0,0,16,0,256,0
13.3,0,0,0,0,0,0,0,0,0,0,1,0,0,0,0,0,8,0,512,0
14.0,0,0,0,0,0,0,0,0,0,0,1,0,0,0,0,0,8,0,512,0
12.4,0,0,0,0,0,0,0,0,0,0,1,0,0,0,0,0,8,0,256,0
13.3,0,1,0,0,0,0,0,0,0,0,0,0,0,0,0,0,8,0,512,0
14.0,0,0,0,0,0,0,0,0,0,1,0,0,0,0,0,0,8,0,256,0
14.0,0,1,0,0,0,0,0,0,0,0,0,0,0,0,0,0,8,0,512,0
14.0,0,0,0,0,0,0,0,0,0,0,1,0,0,0,0,0,8,0,512,0
16.2,0,0,0,0,0,0,1,0,0,0,0,0,0,0,0,0,32,0,512,0
14.0,0,0,1,0,0,0,0,0,0,0,0,0,0,0,0,0,16,0,1000,0
14.0,0,0,0,0,0,0,0,0,0,0,0,1,0,0,0,0,8,0,512,0
15.6,0,0,0,0,0,0,0,0,0,0,0,1,0,0,0,0,12,0,256,0
13.0,0,0,0,0,0,0,0,0,0,0,0,1,0,0,0,0,8,0,512,0
15.6,0,1,0,0,0,0,0,0,0,0,0,0,0,0,0,0,8,0,512,0
14.0,0,0,0,0,0,0,0,0,0,0,0,1,0,0,0,0,8,0,512,0
15.6,0,0,0,0,0,0,0,0,0,0,1,0,0,0,0,0,8,0,256,0
15.6,0,1,0,0,0,0,0,0,0,0,0,0,0,0,0,0,8,0,512,0
15.6,0,0,1,0,0,0,0,0,0,0,0,0,0,0,0,0,8,0,512,0
15.6,0,0,1,0,0,0,0,0,0,0,0,0,0,0,0,0,16,0,512,0
15.6,0,0,0,0,0,0,0,0,0,0,0,0,0,1,0,0,16,0,1000,0
15.6,0,0,1,0,0,0,0,0,0,0,0,0,0,0,0,0,8,0,512,0
15.6,0,0,0,0,0,0,0,0,0,1,0,0,0,0,0,0,4,0,256,0
24.0,0,0,0,0,1,0,0,0,0,0,0,0,0,0,0,0,16,0,256,0
15.6,0,0,0,0,0,0,0,0,0,0,0,1,0,0,0,0,16,0,512,0
14.0,0,0,0,0,0,0,0,0,0,0,1,0,0,0,0,0,8,0,512,0
14.0,0,0,0,0,0,0,0,0,0,0,1,0,0,0,0,0,8,0,512,0
15.6,0,0,0,0,0,0,0,0,0,0,0,1,0,0,0,0,8,0,512,0
14.0,0,0,0,0,0,0,0,0,0,0,1,0,0,0,0,0,8,0,512,0
17.3,0,0,0,0,0,0,0,0,0,0,1,0,0,0,0,0,8,0,512,0
14.0,0,1,0,0,0,0,0,0,0,0,0,0,0,0,0,0,8,0,512,0
15.6,0,0,1,0,0,0,0,0,0,0,0,0,0,0,0,0,8,0,512,0
15.6,0,1,0,0,0,0,0,0,0,0,0,0,0,0,0,0,8,0,512,0
15.6,0,0,0,0,0,0,0,0,0,0,0,1,0,0,0,0,16,0,512,0
24.0,0,0,0,0,1,0,0,0,0,0,0,0,0,0,0,0,16,0,512,0
16.0,0,0,0,0,0,0,0,0,0,0,0,0,0,1,0,0,32,0,1000,0
15.6,0,0,0,0,0,0,0,0,0,1,0,0,0,0,0,0,8,0,256,0
15.6,0,0,1,0,0,0,0,0,0,0,0,0,0,0,0,0,8,0,512,0
16.0,0,0,0,0,0,0,0,0,0,0,1,0,0,0,0,0,8,0,512,0
13.3,0,0,0,0,0,0,0,0,0,0,1,0,0,0,0,0,8,0,512,0
14.0,1,0,0,0,0,0,0,0,0,0,0,0,0,0,0,0,4,0,256,0
15.6,0,0,0,1,0,0,0,0,0,0,0,0,0,0,0,0,16,0,512,0
15.6,0,0,0,0,0,0,0,0,0,0,1,0,0,0,0,0,8,0,512,0
14.0,0,0,0,0,0,0,0,0,0,0,1,0,0,0,0,0,8,0,512,0
16.2,0,0,0,0,0,0,1,0,0,0,0,0,0,0,0,0,32,0,1000,0
14.0,0,0,0,0,0,0,0,0,0,0,1,0,0,0,0,0,8,0,512,0
15.6,0,0,0,0,0,0,0,0,0,0,1,0,0,0,0,0,4,0,256,0
14.0,0,1,0,0,0,0,0,0,0,0,0,0,0,0,0,0,4,0,256,0
15.6,0,1,0,0,0,0,0,0,0,0,0,0,0,0,0,0,8,0,256,0
15.6,0,0,0,0,0,0,0,0,0,0,1,0,0,0,0,0,8,0,256,0
15.6,0,0,0,0,0,0,0,0,0,0,0,1,0,0,0,0,8,0,512,0
13.3,0,1,0,0,0,0,0,0,0,0,0,0,0,0,0,0,8,0,512,0
15.6,0,0,0,0,0,0,0,0,0,0,0,1,0,0,0,0,8,0,512,0
14.0,0,0,0,0,0,0,0,0,0,0,1,0,0,0,0,0,8,0,256,0
14.0,0,0,0,0,0,0,0,0,0,0,0,1,0,0,0,0,16,0,512,0
15.6,0,0,0,0,0,0,0,0,0,1,0,0,0,0,0,0,4,0,128,0
14.0,0,0,0,0,0,0,0,0,0,0,0,1,0,0,0,0,16,0,256,0
15.6,0,0,0,0,0,0,0,0,0,0,1,0,0,0,0,0,8,0,512,0
15.6,0,0,0,0,0,0,0,0,0,0,1,0,0,0,0,0,8,0,512,0
17.3,0,0,0,0,0,0,0,0,0,0,0,0,0,1,0,0,32,0,2000,0
15.6,1,0,0,0,0,0,0,0,0,0,0,0,0,0,0,0,8,0,256,0
15.6,0,0,1,0,0,0,0,0,0,0,0,0,0,0,0,0,8,0,512,0
15.6,0,1,0,0,0,0,0,0,0,0,0,0,0,0,0,0,8,0,512,0
15.6,0,0,0,1,0,0,0,0,0,0,0,0,0,0,0,0,16,0,512,0
14.2,0,0,0,0,0,0,1,0,0,0,0,0,0,0,0,0,32,0,512,0
13.3,0,0,0,0,0,0,0,0,0,0,1,0,0,0,0,0,8,0,512,0
15.6,0,0,0,0,0,0,0,0,0,1,0,0,0,0,0,0,4,0,512,0
15.6,0,0,0,0,0,0,0,1,0,0,0,0,0,0,0,0,4,0,256,0
14.0,0,0,0,0,0,0,0,0,0,1,0,0,0,0,0,0,8,0,256,0
15.6,0,1,0,0,0,0,0,0,0,0,0,0,0,0,0,0,8,0,256,0
24.0,0,0,0,0,1,0,0,0,0,0,0,0,0,0,0,0,16,0,512,0
13.4,0,0,0,0,0,0,0,0,0,0,0,1,0,0,0,0,16,0,512,0
14.2,0,0,0,0,0,0,1,0,0,0,0,0,0,0,0,0,32,0,512,0
13.4,0,0,0,1,0,0,0,0,0,0,0,0,0,0,0,0,16,0,512,0
15.6,0,1,0,0,0,0,0,0,0,0,0,0,0,0,0,0,8,0,512,0
14.0,0,1,0,0,0,0,0,0,0,0,0,0,0,0,0,0,16,0,512,0
15.6,0,1,0,0,0,0,0,0,0,0,0,0,0,0,0,0,8,0,256,0
15.6,0,0,0,0,0,0,0,0,0,0,1,0,0,0,0,0,8,0,512,0
14.0,0,0,0,0,0,0,0,0,0,0,0,1,0,0,0,0,16,0,512,0
14.0,0,0,0,0,0,0,0,0,0,0,1,0,0,0,0,0,8,0,256,0
16.2,0,0,0,0,0,1,0,0,0,0,0,0,0,0,0,0,64,0,8000,0
15.6,0,0,0,0,0,0,0,0,0,0,1,0,0,0,0,0,8,0,512,0
15.6,0,0,0,0,0,0,0,0,0,0,0,1,0,0,0,0,8,0,256,0
13.4,0,0,0,1,0,0,0,0,0,0,0,0,0,0,0,0,16,0,512,0
15.6,0,0,0,0,0,0,0,0,0,0,0,1,0,0,0,0,8,0,512,0
15.6,0,0,0,0,0,0,0,0,0,0,1,0,0,0,0,0,8,0,512,0
15.6,0,0,0,0,0,0,0,0,0,1,0,0,0,0,0,0,4,0,256,0
13.3,0,0,0,0,0,0,0,0,0,1,0,0,0,0,0,0,8,0,512,0
14.0,0,1,0,0,0,0,0,0,0,0,0,0,0,0,0,0,8,0,512,0
14.0,0,0,0,0,0,0,0,0,0,0,1,0,0,0,0,0,8,0,512,0
14.0,0,0,0,0,0,0,0,0,0,1,0,0,0,0,0,0,8,0,256,0
15.6,0,0,1,0,0,0,0,0,0,0,0,0,0,0,0,0,8,0,512,0
14.0,0,0,0,0,0,0,0,0,0,1,0,0,0,0,0,0,4,0,256,0
14.0,0,0,0,0,0,0,0,0,0,0,1,0,0,0,0,0,8,0,512,0
14.0,0,0,0,0,0,0,0,0,0,0,0,1,0,0,0,0,8,0,512,0
14.0,0,0,0,0,0,0,0,0,0,0,1,0,0,0,0,0,8,0,512,0
14.2,0,0,0,0,0,0,1,0,0,0,0,0,0,0,0,0,32,0,1000,0
14.2,0,0,0,0,0,0,1,0,0,0,0,0,0,0,0,0,64,0,1000,0
15.6,0,0,0,0,0,0,0,0,0,0,0,1,0,0,0,0,8,0,512,0
14.0,0,0,0,0,0,0,0,0,0,0,1,0,0,0,0,0,8,0,512,0
15.6,0,1,0,0,0,0,0,0,0,0,0,0,0,0,0,0,8,0,512,0
16.0,0,0,1,0,0,0,0,0,0,0,0,0,0,0,0,0,16,0,512,0
14.0,0,0,0,0,0,0,0,0,0,0,0,1,0,0,0,0,16,0,512,0
14.0,0,0,0,0,0,0,0,0,0,0,1,0,0,0,0,0,8,0,512,0
15.6,0,0,0,0,0,0,0,0,0,0,1,0,0,0,0,0,8,0,512,0
14.0,0,0,0,0,0,0,0,0,0,0,0,1,0,0,0,0,8,0,512,0
15.6,0,0,0,0,0,0,0,0,0,0,1,0,0,0,0,0,16,0,512,0
15.6,0,0,0,0,0,0,0,0,0,0,0,1,0,0,0,0,16,0,1000,0
13.5,0,0,0,0,0,0,0,0,0,0,1,0,0,0,0,0,8,0,256,0
14.0,0,0,0,0,0,0,0,0,0,0,1,0,0,0,0,0,8,0,256,0
24.0,0,0,0,0,1,0,0,0,0,0,0,0,0,0,0,0,8,0,256,0
15.6,0,0,0,0,0,0,0,0,0,0,0,1,0,0,0,0,8,1000,0,0
13.4,0,0,0,0,0,0,0,0,0,0,0,1,0,0,0,0,16,1000,0,0
15.6,0,0,0,0,0,0,0,0,0,0,0,1,0,0,0,0,8,0,512,0
14.2,0,0,0,0,0,0,1,0,0,0,0,0,0,0,0,0,32,0,512,0
15.6,0,0,0,0,0,0,0,0,0,0,0,1,0,0,0,0,16,0,1000,0
14.0,0,1,0,0,0,0,0,0,0,0,0,0,0,0,0,0,8,0,512,0
15.6,0,0,0,0,0,0,0,0,0,0,1,0,0,0,0,0,8,0,512,0
13.3,0,0,1,0,0,0,0,0,0,0,0,0,0,0,0,0,8,0,512,0
14.0,0,0,1,0,0,0,0,0,0,0,0,0,0,0,0,0,16,0,1000,0
14.0,0,0,0,0,0,0,0,0,0,1,0,0,0,0,0,0,4,0,512,0
14.0,0,0,0,0,0,0,0,1,0,0,0,0,0,0,0,0,4,0,256,0
15.6,0,0,0,0,0,0,0,0,0,0,0,1,0,0,0,0,8,0,512,0
17.3,0,0,0,0,0,0,0,0,0,0,0,1,0,0,0,0,8,0,512,0
14.0,0,0,1,0,0,0,0,0,0,0,0,0,0,0,0,0,16,0,512,0
15.6,0,0,0,0,0,0,0,0,0,0,1,0,0,0,0,0,8,0,512,0
21.5,0,0,0,0,0,0,0,0,0,0,1,0,0,0,0,0,8,0,256,0
15.6,0,0,1,0,0,0,0,0,0,0,0,0,0,0,0,0,8,0,512,0
15.6,0,0,0,0,0,0,0,0,0,0,1,0,0,0,0,0,8,0,512,0
15.6,0,1,0,0,0,0,0,0,0,0,0,0,0,0,0,0,8,0,256,0
15.6,0,0,0,0,0,0,0,0,0,0,0,1,0,0,0,0,8,0,512,0
14.0,0,1,0,0,0,0,0,0,0,0,0,0,0,0,0,0,8,0,256,0
15.6,0,0,0,0,0,0,0,0,0,0,1,0,0,0,0,0,8,0,512,0
14.0,0,0,0,0,0,0,0,0,0,0,1,0,0,0,0,0,8,0,512,0
15.6,0,0,0,0,0,0,0,1,0,0,0,0,0,0,0,0,4,0,128,0
15.6,0,0,0,0,0,0,0,0,0,0,1,0,0,0,0,0,8,0,512,0
16.0,0,0,0,0,0,0,0,0,0,0,0,1,0,0,0,0,16,0,512,0
14.0,0,0,0,0,0,0,0,0,0,0,0,1,0,0,0,0,8,0,512,0
15.6,0,0,0,0,0,0,0,0,0,0,1,0,0,0,0,0,8,0,256,0
15.6,0,0,0,0,0,0,0,1,0,0,0,0,0,0,0,0,4,0,256,0
15.6,0,0,1,0,0,0,0,0,0,0,0,0,0,0,0,0,8,0,512,0
15.6,0,0,0,0,0,0,0,0,0,1,0,0,0,0,0,0,8,0,128,0
15.6,0,0,0,0,0,0,0,0,0,0,0,1,0,0,0,0,8,0,512,0
15.6,0,0,0,0,0,0,0,0,0,0,1,0,0,0,0,0,8,0,512,0
14.0,0,0,1,0,0,0,0,0,0,0,0,0,0,0,0,0,16,0,512,0
15.6,0,0,0,0,0,0,0,0,0,0,1,0,0,0,0,0,8,0,512,0
15.6,0,0,1,0,0,0,0,0,0,0,0,0,0,0,0,0,16,0,512,0
17.0,0,0,0,0,0,0,0,0,0,0,0,1,0,0,0,0,16,0,1000,0
15.6,0,0,0,0,0,0,0,0,0,0,0,1,0,0,0,0,8,0,512,0
15.6,0,0,0,0,0,0,0,0,0,1,0,0,0,0,0,0,4,0,512,0
15.6,0,0,0,0,0,0,0,0,0,0,0,1,0,0,0,0,8,0,512,0
13.3,0,0,0,0,0,0,0,0,0,0,1,0,0,0,0,0,8,0,512,0
16.0,0,0,1,0,0,0,0,0,0,0,0,0,0,0,0,0,16,0,512,0
15.6,1,0,0,0,0,0,0,0,0,0,0,0,0,0,0,0,4,0,128,0
16.0,0,0,0,0,0,0,0,0,0,0,0,1,0,0,0,0,16,0,1000,0
15.6,0,0,0,0,0,0,0,0,0,0,0,1,0,0,0,0,8,0,512,0
14.0,0,0,0,0,0,0,0,0,0,0,0,1,0,0,0,0,16,0,1000,0
15.6,0,1,0,0,0,0,0,0,0,0,0,0,0,0,0,0,8,0,512,0
14.0,0,1,0,0,0,0,0,0,0,0,0,0,0,0,0,0,8,0,512,0
14.0,0,0,1,0,0,0,0,0,0,0,0,0,0,0,0,0,8,0,512,0
17.3,0,0,0,0,0,0,0,0,0,0,0,0,0,1,0,0,16,0,1000,0
15.6,0,0,1,0,0,0,0,0,0,0,0,0,0,0,0,0,8,0,512,0
15.6,0,0,1,0,0,0,0,0,0,0,0,0,0,0,0,0,8,0,512,0
14.0,0,0,0,0,0,0,0,0,0,0,1,0,0,0,0,0,8,0,512,0
14.0,0,0,0,0,0,0,0,0,0,0,0,1,0,0,0,0,16,0,1000,0
15.6,0,0,1,0,0,0,0,0,0,0,0,0,0,0,0,0,8,0,512,0
14.0,0,0,1,0,0,0,0,0,0,0,0,0,0,0,0,0,16,0,512,0
24.0,0,0,0,0,1,0,0,0,0,0,0,0,0,0,0,0,8,0,512,0
15.6,0,1,0,0,0,0,0,0,0,0,0,0,0,0,0,0,8,0,256,0
15.6,0,0,0,0,0,0,0,0,0,0,1,0,0,0,0,0,16,0,512,0
16.0,0,1,0,0,0,0,0,0,0,0,0,0,0,0,0,0,16,0,512,0
15.6,0,1,0,0,0,0,0,0,0,0,0,0,0,0,0,0,8,0,512,0
16.0,0,0,0,0,0,0,0,0,0,0,0,1,0,0,0,0,16,0,512,0
14.0,0,0,1,0,0,0,0,0,0,0,0,0,0,0,0,0,16,0,1000,0
15.6,0,0,0,0,0,0,0,0,0,0,1,0,0,0,0,0,8,0,512,0
15.6,0,0,0,0,0,0,0,0,0,0,1,0,0,0,0,0,8,0,512,0
15.6,0,0,0,0,0,0,0,0,0,0,1,0,0,0,0,0,12,0,256,0
15.6,0,1,0,0,0,0,0,0,0,0,0,0,0,0,0,0,4,0,512,0
15.6,0,0,1,0,0,0,0,0,0,0,0,0,0,0,0,0,8,0,512,0
13.3,0,0,0,0,0,0,0,0,0,0,0,1,0,0,0,0,16,0,512,0
14.0,0,0,0,0,0,0,0,0,0,0,1,0,0,0,0,0,8,0,512,0
15.6,0,0,0,0,0,0,0,0,0,0,0,1,0,0,0,0,8,0,512,0
13.3,0,0,0,0,0,0,0,0,0,0,1,0,0,0,0,0,8,0,256,0
17.3,0,0,1,0,0,0,0,0,0,0,0,0,0,0,0,0,8,0,512,0
15.6,0,0,0,1,0,0,0,0,0,0,0,0,0,0,0,0,16,0,512,0
17.3,0,0,0,1,0,0,0,0,0,0,0,0,0,0,0,0,16,0,1000,0
14.0,0,1,0,0,0,0,0,0,0,0,0,0,0,0,0,0,16,0,512,0
14.0,0,0,0,0,0,0,0,0,0,0,1,0,0,0,0,0,8,0,512,0
17.3,0,0,1,0,0,0,0,0,0,0,0,0,0,0,0,0,8,0,512,0
13.3,0,0,0,0,0,0,0,0,0,0,1,0,0,0,0,0,8,0,512,0
15.6,0,0,0,0,0,0,0,0,0,0,0,1,0,0,0,0,16,0,1000,0
15.6,0,0,0,0,0,0,0,0,0,0,1,0,0,0,0,0,8,0,512,0
14.0,0,0,0,0,0,0,0,0,0,0,0,1,0,0,0,0,8,0,512,0
15.6,0,0,1,0,0,0,0,0,0,0,0,0,0,0,0,0,8,0,512,0
14.0,0,0,0,0,0,0,0,0,0,0,1,0,0,0,0,0,8,0,256,0
15.6,0,0,0,0,0,0,0,0,0,1,0,0,0,0,0,0,4,0,256,0
11.6,0,0,0,0,0,0,0,1,0,0,0,0,0,0,0,0,4,0,128,0
15.6,0,0,1,0,0,0,0,0,0,0,0,0,0,0,0,0,8,0,512,0
15.6,0,0,0,0,0,0,0,1,0,0,0,0,0,0,0,0,4,0,256,0
17.3,0,0,0,0,0,0,0,0,0,0,1,0,0,0,0,0,8,0,512,0
15.6,0,0,0,0,0,0,0,0,0,0,1,0,0,0,0,0,8,0,512,0
15.6,0,0,0,0,0,0,0,0,0,0,0,1,0,0,0,0,16,0,256,0
14.0,0,0,0,0,0,0,0,0,0,0,0,1,0,0,0,0,16,0,1000,0
15.6,0,0,0,1,0,0,0,0,0,0,0,0,0,0,0,0,32,0,1000,0
15.6,0,0,0,0,0,0,0,0,0,0,1,0,0,0,0,0,8,0,512,0
13.0,0,0,1,0,0,0,0,0,0,0,0,0,0,0,0,0,16,0,512,0
13.3,0,0,0,0,0,0,0,0,0,0,1,0,0,0,0,0,8,0,256,0
14.0,0,0,0,1,0,0,0,0,0,0,0,0,0,0,0,0,16,0,1000,0
11.6,0,0,0,0,0,0,0,1,0,0,0,0,0,0,0,0,4,0,128,0
15.6,0,0,0,0,0,0,0,0,0,0,1,0,0,0,0,0,8,0,512,0
15.6,0,0,0,0,0,0,0,0,0,0,1,0,0,0,0,0,16,0,512,0
15.6,0,0,0,0,0,0,0,0,0,0,0,1,0,0,0,0,32,0,512,0
16.0,0,0,0,0,0,0,0,0,0,0,0,1,0,0,0,0,16,0,1000,0
14.0,0,0,0,0,0,0,0,0,0,0,1,0,0,0,0,0,8,0,256,0
15.6,0,0,0,0,0,0,0,0,0,0,0,1,0,0,0,0,8,0,512,0
13.5,0,0,0,0,0,0,0,0,0,0,1,0,0,0,0,0,16,0,512,0
15.6,0,1,0,0,0,0,0,0,0,0,0,0,0,0,0,0,8,0,512,0
16.0,0,1,0,0,0,0,0,0,0,0,0,0,0,0,0,0,8,0,512,0
15.6,0,0,0,0,0,0,0,0,0,0,1,0,0,0,0,0,8,0,512,0
15.6,0,0,0,0,0,0,0,0,0,0,1,0,0,0,0,0,8,0,512,0
15.6,0,0,0,0,0,0,0,0,0,0,0,1,0,0,0,0,8,0,512,0
13.3,0,0,0,0,0,0,0,0,0,0,1,0,0,0,0,0,8,0,512,0
15.6,0,1,0,0,0,0,0,0,0,0,0,0,0,0,0,0,8,0,256,0
17.3,0,0,0,0,0,0,0,0,0,0,0,1,0,0,0,0,16,0,1000,0
14.0,0,0,0,1,0,0,0,0,0,0,0,0,0,0,0,0,32,0,1000,0
14.0,0,0,0,0,0,0,0,0,0,0,1,0,0,0,0,0,16,0,512,0
15.6,0,0,0,0,0,0,0,0,0,0,0,1,0,0,0,0,16,0,512,0
15.6,0,0,0,0,0,0,0,0,0,0,0,1,0,0,0,0,16,0,512,0
15.6,0,0,0,1,0,0,0,0,0,0,0,0,0,0,0,0,16,0,512,0
17.3,0,0,1,0,0,0,0,0,0,0,0,0,0,0,0,0,8,0,512,0
15.6,0,0,0,0,0,0,0,0,0,0,1,0,0,0,0,0,8,0,512,0
14.0,0,0,0,0,0,0,0,0,0,0,0,1,0,0,0,0,16,0,1000,0
15.6,0,0,0,0,0,0,0,0,0,0,1,0,0,0,0,0,12,0,256,0
14.0,0,0,0,0,0,0,0,0,0,0,1,0,0,0,0,0,8,0,512,0
15.6,0,0,1,0,0,0,0,0,0,0,0,0,0,0,0,0,16,0,512,0
15.6,0,1,0,0,0,0,0,0,0,0,0,0,0,0,0,0,8,0,512,0
14.0,0,0,1,0,0,0,0,0,0,0,0,0,0,0,0,0,8,0,512,0
15.6,0,0,0,0,0,0,0,0,0,0,1,0,0,0,0,0,8,0,256,0
15.6,0,0,1,0,0,0,0,0,0,0,0,0,0,0,0,0,16,0,512,0
15.6,0,0,0,0,0,0,0,0,0,0,1,0,0,0,0,0,12,0,256,0
15.6,0,0,0,0,0,0,0,0,0,0,1,0,0,0,0,0,8,0,512,0
14.0,0,0,0,0,0,0,0,0,0,1,0,0,0,0,0,0,4,0,256,0
14.0,0,0,0,0,0,0,0,0,0,0,0,0,0,0,0,1,4,0,256,0
14.0,0,0,0,0,0,0,0,0,0,1,0,0,0,0,0,0,8,0,256,0
15.6,0,0,0,0,0,0,0,0,0,0,1,0,0,0,0,0,8,0,512,0
15.6,0,0,0,1,0,0,0,0,0,0,0,0,0,0,0,0,32,0,1000,0
15.6,0,0,1,0,0,0,0,0,0,0,0,0,0,0,0,0,16,0,512,0
15.6,0,1,0,0,0,0,0,0,0,0,0,0,0,0,0,0,8,0,512,0
14.0,0,0,0,0,0,0,0,0,0,1,0,0,0,0,0,0,8,0,256,0
15.6,0,0,0,0,0,0,0,0,0,0,1,0,0,0,0,0,8,0,512,0
14.2,0,0,0,0,0,0,1,0,0,0,0,0,0,0,0,0,16,0,1000,0
15.6,0,0,0,0,0,0,0,0,0,1,0,0,0,0,0,0,4,0,256,0
17.0,0,0,0,0,0,0,0,0,0,0,0,1,0,0,0,0,16,0,512,0
15.6,0,1,0,0,0,0,0,0,0,0,0,0,0,0,0,0,8,0,256,0
14.0,0,0,0,0,0,0,0,0,0,0,0,1,0,0,0,0,16,0,512,0
15.6,0,0,0,0,0,0,0,0,0,0,0,1,0,0,0,0,8,0,512,0
15.6,0,1,0,0,0,0,0,0,0,0,0,0,0,0,0,0,8,0,256,0
15.6,0,0,0,0,0,0,0,0,0,0,1,0,0,0,0,0,8,0,256,0
15.6,0,0,0,0,0,0,0,0,0,0,0,1,0,0,0,0,8,0,512,0
15.6,0,1,0,0,0,0,0,0,0,0,0,0,0,0,0,0,8,0,512,0
14.0,0,0,0,0,0,0,0,0,0,0,1,0,0,0,0,0,8,0,512,0
15.6,0,0,1,0,0,0,0,0,0,0,0,0,0,0,0,0,8,0,512,0
15.6,0,0,0,1,0,0,0,0,0,0,0,0,0,0,0,0,16,0,512,0
14.0,0,0,0,0,0,0,0,0,0,0,0,1,0,0,0,0,8,0,512,0
13.3,0,0,0,0,0,0,0,0,0,0,1,0,0,0,0,0,8,0,512,0
15.6,0,0,0,1,0,0,0,0,0,0,0,0,0,0,0,0,16,0,512,0
15.6,0,0,0,0,0,0,0,0,0,0,1,0,0,0,0,0,12,0,512,0
13.3,0,0,0,0,0,0,0,0,0,0,0,1,0,0,0,0,16,0,1000,0
16.0,0,0,0,1,0,0,0,0,0,0,0,0,0,0,0,0,32,0,1000,0
14.0,0,0,0,0,0,0,0,0,0,0,1,0,0,0,0,0,8,0,256,0
16.0,0,0,1,0,0,0,0,0,0,0,0,0,0,0,0,0,16,0,1000,0
15.6,0,0,0,0,0,0,0,0,0,0,0,1,0,0,0,0,8,0,512,0
14.0,0,0,0,0,0,0,0,0,0,0,1,0,0,0,0,0,8,0,512,0
15.6,0,1,0,0,0,0,0,0,0,0,0,0,0,0,0,0,16,0,512,0
11.6,0,0,0,0,0,0,0,1,0,0,0,0,0,0,0,0,4,0,128,0
15.6,0,0,0,1,0,0,0,0,0,0,0,0,0,0,0,0,16,0,1000,0
14.0,0,0,0,0,0,0,0,0,0,0,1,0,0,0,0,0,8,0,512,0
15.6,0,0,0,0,0,0,0,0,0,0,1,0,0,0,0,0,8,0,512,0
15.6,0,0,0,0,0,0,0,0,0,0,0,1,0,0,0,0,8,0,512,0
14.0,0,0,0,0,0,0,0,0,0,0,1,0,0,0,0,0,8,0,256,0
15.6,0,0,0,0,0,0,0,0,0,0,0,1,0,0,0,0,16,0,512,0
15.6,0,0,1,0,0,0,0,0,0,0,0,0,0,0,0,0,16,0,512,0
15.6,0,0,0,0,0,0,0,0,0,0,1,0,0,0,0,0,8,0,256,0
14.0,0,0,0,0,0,0,0,0,0,0,1,0,0,0,0,0,8,0,512,0
14.0,0,0,0,0,0,0,0,0,0,0,1,0,0,0,0,0,8,0,1000,0
15.6,0,0,0,0,0,0,0,0,0,0,1,0,0,0,0,0,8,0,512,0
14.0,0,0,0,0,0,0,0,0,0,1,0,0,0,0,0,0,4,0,256,0
17.3,0,0,0,0,0,0,0,0,0,0,1,0,0,0,0,0,8,0,512,0
15.6,0,0,0,0,0,0,0,0,0,0,1,0,0,0,0,0,8,0,512,0
15.6,0,0,1,0,0,0,0,0,0,0,0,0,0,0,0,0,8,0,512,0
14.0,0,0,0,0,0,0,0,0,0,0,0,1,0,0,0,0,16,0,1000,0
16.2,0,0,0,0,0,1,0,0,0,0,0,0,0,0,0,0,64,0,4000,0
15.6,0,0,0,0,0,0,0,0,0,1,0,0,0,0,0,0,4,0,512,0
14.0,0,0,0,1,0,0,0,0,0,0,0,0,0,0,0,0,32,0,1000,0
11.6,0,0,0,0,0,0,0,1,0,0,0,0,0,0,0,0,4,0,128,0
14.0,0,0,1,0,0,0,0,0,0,0,0,0,0,0,0,0,8,0,512,0
15.6,0,0,0,0,0,0,0,0,0,1,0,0,0,0,0,0,8,0,256,0
15.6,0,0,0,0,0,0,0,0,0,0,0,1,0,0,0,0,16,0,1000,0
15.6,0,0,0,0,0,0,0,0,0,0,1,0,0,0,0,0,8,0,512,0
15.6,0,0,0,0,0,0,0,0,0,0,1,0,0,0,0,0,8,0,512,0
14.0,0,0,0,0,0,0,0,0,0,0,1,0,0,0,0,0,4,0,512,0
14.2,0,0,0,0,0,1,0,0,0,0,0,0,0,0,0,0,32,0,1000,0
15.6,0,0,0,0,0,0,0,0,0,0,0,1,0,0,0,0,8,0,512,0
14.0,0,0,0,0,0,0,0,0,0,0,1,0,0,0,0,0,16,0,512,0
17.3,0,1,0,0,0,0,0,0,0,0,0,0,0,0,0,0,8,0,512,0
14.0,0,0,0,0,0,0,0,0,0,0,1,0,0,0,0,0,8,0,256,0
15.6,0,0,0,0,0,0,0,0,0,0,1,0,0,0,0,0,8,0,512,0
14.0,0,0,0,0,0,0,0,0,0,0,1,0,0,0,0,0,4,0,512,0
14.0,0,0,0,0,0,0,0,0,0,1,0,0,0,0,0,0,8,0,256,0
14.2,0,0,0,0,0,0,1,0,0,0,0,0,0,0,0,0,32,0,512,0
13.4,0,0,0,1,0,0,0,0,0,0,0,0,0,0,0,0,32,0,1000,0
15.6,0,0,0,0,0,0,0,0,0,1,0,0,0,0,0,0,4,0,256,0
15.6,0,1,0,0,0,0,0,0,0,0,0,0,0,0,0,0,8,0,512,0
16.2,0,0,0,0,0,0,1,0,0,0,0,0,0,0,0,0,32,0,1000,0
15.6,0,0,0,0,0,0,0,0,0,0,1,0,0,0,0,0,4,0,512,0
14.0,0,0,0,0,0,0,0,0,0,1,0,0,0,0,0,0,8,0,256,0
14.0,0,0,0,0,0,0,0,0,0,1,0,0,0,0,0,0,4,0,512,0
14.0,0,0,0,0,0,0,0,0,0,1,0,0,0,0,0,0,4,0,256,0
16.2,0,0,0,0,0,1,0,0,0,0,0,0,0,0,0,0,64,0,2000,0
14.0,0,0,0,0,0,0,0,0,0,0,1,0,0,0,0,0,4,0,512,0
15.6,0,0,0,0,0,0,0,0,0,0,0,1,0,0,0,0,16,0,512,0
14.0,0,0,0,0,0,0,0,0,0,0,1,0,0,0,0,0,8,0,512,0
13.3,0,0,0,0,0,0,0,0,0,0,0,1,0,0,0,0,16,0,512,0
14.0,0,0,0,0,0,0,0,0,0,1,0,0,0,0,0,0,4,0,512,0
15.6,0,0,1,0,0,0,0,0,0,0,0,0,0,0,0,0,8,0,512,0
15.6,1,0,0,0,0,0,0,0,0,0,0,0,0,0,0,0,4,0,512,0
14.0,0,0,1,0,0,0,0,0,0,0,0,0,0,0,0,0,8,0,512,0
15.6,0,0,0,0,0,0,0,0,0,0,1,0,0,0,0,0,8,0,512,0
14.0,0,0,1,0,0,0,0,0,0,0,0,0,0,0,0,0,8,0,512,0
14.0,0,0,0,0,0,0,0,0,0,1,0,0,0,0,0,0,4,0,256,0
14.0,0,0,0,0,0,0,0,0,0,0,1,0,0,0,0,0,8,0,512,0
15.6,0,0,0,1,0,0,0,0,0,0,0,0,0,0,0,0,16,0,1000,0
15.6,0,0,0,0,0,0,0,0,0,0,1,0,0,0,0,0,8,0,512,0
13.3,0,0,0,0,0,0,0,0,0,0,0,1,0,0,0,0,16,0,1000,0
14.0,0,0,0,0,0,0,0,0,0,1,0,0,0,0,0,0,4,0,256,0
16.0,0,0,0,0,0,0,0,0,0,0,0,0,0,1,0,0,32,0,1000,0
15.6,0,0,0,0,0,0,0,0,0,0,1,0,0,0,0,0,8,0,512,0
17.3,0,0,0,1,0,0,0,0,0,0,0,0,0,0,0,0,16,0,512,0
14.0,0,0,0,0,0,0,0,0,0,1,0,0,0,0,0,0,4,0,256,0
16.1,0,0,0,0,0,0,0,0,0,0,1,0,0,0,0,0,8,0,512,0
15.6,0,0,0,1,0,0,0,0,0,0,0,0,0,0,0,0,16,0,1000,0
15.6,0,0,0,0,0,0,0,0,0,0,0,1,0,0,0,0,8,0,512,0
11.6,0,0,0,0,0,0,0,1,0,0,0,0,0,0,0,0,4,0,128,0
11.6,0,0,0,0,0,0,0,0,0,0,0,0,0,0,0,1,4,0,256,0
13.3,0,0,0,0,1,0,0,0,0,0,0,0,0,0,0,0,16,0,256,0
15.6,0,1,0,0,0,0,0,0,0,0,0,0,0,0,0,0,8,0,512,0
15.6,0,0,0,0,0,0,0,0,0,1,0,0,0,0,0,0,4,0,256,0
15.6,0,0,0,0,0,0,0,0,0,0,0,1,0,0,0,0,16,0,2000,0
15.6,0,0,0,0,0,0,0,0,0,0,0,1,0,0,0,0,32,0,2000,0
15.6,0,0,0,0,0,0,0,0,0,0,1,0,0,0,0,0,8,0,512,0
15.6,0,0,1,0,0,0,0,0,0,0,0,0,0,0,0,0,8,0,512,0
15.6,0,0,0,0,0,0,0,0,0,0,0,1,0,0,0,0,8,0,512,0
16.1,0,0,1,0,0,0,0,0,0,0,0,0,0,0,0,0,8,0,512,0
15.6,0,0,0,0,0,0,0,0,0,0,1,0,0,0,0,0,8,0,512,0
13.3,0,0,0,0,1,0,0,0,0,0,0,0,0,0,0,0,16,0,256,0
15.6,0,0,0,0,0,0,0,0,0,0,1,0,0,0,0,0,8,0,512,0
14.0,1,0,0,0,0,0,0,0,0,0,0,0,0,0,0,0,4,0,256,0
14.0,0,0,0,0,0,0,0,1,0,0,0,0,0,0,0,0,4,0,256,0
14.0,0,0,0,0,0,0,0,0,0,0,0,1,0,0,0,0,16,0,512,0
15.6,0,0,0,0,0,0,0,0,0,0,1,0,0,0,0,0,16,0,512,0
15.6,0,0,0,0,0,0,0,0,0,0,1,0,0,0,0,0,8,0,512,0
15.6,0,0,0,0,0,0,0,0,0,0,0,1,0,0,0,0,16,0,512,0
15.6,0,0,0,0,0,0,0,0,0,0,0,1,0,0,0,0,16,0,512,0
14.0,0,1,0,0,0,0,0,0,0,0,0,0,0,0,0,0,16,0,512,0
14.0,0,0,0,0,0,0,0,0,0,0,1,0,0,0,0,0,8,0,512,0
15.6,0,0,0,0,0,0,0,0,0,0,0,1,0,0,0,0,16,0,512,0
15.6,0,0,0,0,0,0,0,0,0,0,0,1,0,0,0,0,32,0,1000,0
15.6,0,0,1,0,0,0,0,0,0,0,0,0,0,0,0,0,8,0,512,0
16.0,0,0,0,0,0,0,0,0,0,0,0,1,0,0,0,0,32,0,2000,0
14.2,0,0,0,0,0,1,0,0,0,0,0,0,0,0,0,0,32,0,512,0
15.6,0,0,0,0,0,0,0,0,0,0,0,1,0,0,0,0,32,0,2000,0
14.2,0,0,0,0,0,0,1,0,0,0,0,0,0,0,0,0,32,0,512,0
15.6,0,0,0,0,0,0,0,0,0,0,0,1,0,0,0,0,32,0,1000,0
16.2,0,0,0,0,0,0,1,0,0,0,0,0,0,0,0,0,16,0,512,0
14.2,0,0,0,0,0,0,1,0,0,0,0,0,0,0,0,0,32,0,512,0
16.0,0,0,0,0,0,0,0,0,0,0,0,1,0,0,0,0,16,0,1000,0
15.6,0,0,0,0,0,0,0,0,0,0,0,1,0,0,0,0,16,0,1000,0
17.3,0,0,0,0,0,0,0,0,0,0,0,1,0,0,0,0,16,0,1000,0
13.4,0,0,0,0,0,0,0,0,0,0,0,1,0,0,0,0,16,0,512,0
14.2,0,0,0,0,0,0,1,0,0,0,0,0,0,0,0,0,16,0,512,0
17.0,0,0,0,0,0,0,0,0,0,0,0,1,0,0,0,0,16,0,1000,0
14.0,0,0,0,0,0,0,0,0,0,0,0,1,0,0,0,0,16,0,512,0
17.0,0,0,0,0,0,0,0,0,0,0,0,1,0,0,0,0,16,0,512,0
16.0,0,0,0,0,0,0,0,0,0,0,0,1,0,0,0,0,16,0,512,0
13.0,0,0,0,0,0,0,0,0,0,0,1,0,0,0,0,0,8,0,256,0
16.0,0,0,0,0,0,0,0,0,0,0,0,1,0,0,0,0,16,0,256,0
14.0,0,0,0,0,0,0,0,0,0,0,0,1,0,0,0,0,16,0,512,0
13.4,0,0,0,0,0,0,0,0,0,0,1,0,0,0,0,0,8,0,512,0
16.0,0,0,0,0,0,0,0,0,0,0,0,1,0,0,0,0,16,0,512,0
15.6,0,0,0,0,0,0,0,0,0,0,0,1,0,0,0,0,16,0,512,0
14.0,0,0,0,0,0,0,0,0,0,0,1,0,0,0,0,0,16,0,512,0
13.0,0,0,0,0,0,0,0,0,0,0,0,1,0,0,0,0,16,0,1000,0
13.3,0,0,0,0,1,0,0,0,0,0,0,0,0,0,0,0,16,0,512,0
14.0,0,0,0,0,0,0,0,0,0,0,0,1,0,0,0,0,16,0,1000,0
13.3,0,0,0,0,0,0,0,0,0,0,0,1,0,0,0,0,16,0,1000,0
15.6,0,0,1,0,0,0,0,0,0,0,0,0,0,0,0,0,8,0,512,0
17.3,0,0,0,0,0,0,0,0,0,0,0,1,0,0,0,0,16,0,512,0
13.4,0,0,0,0,0,0,0,0,0,0,0,1,0,0,0,0,16,0,1000,0
15.6,0,0,1,0,0,0,0,0,0,0,0,0,0,0,0,0,16,0,512,0
15.6,0,0,0,0,0,0,0,0,0,0,0,1,0,0,0,0,16,0,512,0
14.0,0,0,0,0,0,0,0,0,0,0,1,0,0,0,0,0,8,0,512,0
15.6,0,0,1,0,0,0,0,0,0,0,0,0,0,0,0,0,8,0,512,0
14.0,0,0,0,0,0,0,0,0,0,0,1,0,0,0,0,0,8,0,512,0
13.3,0,0,0,0,1,0,0,0,0,0,0,0,0,0,0,0,8,0,256,0
15.6,0,0,0,0,0,0,0,0,0,0,0,1,0,0,0,0,8,0,512,0
16.1,0,0,0,0,0,0,0,0,0,0,0,1,0,0,0,0,8,0,512,0
15.6,0,0,0,0,0,0,0,0,0,0,0,1,0,0,0,0,8,0,512,0
15.6,0,0,0,0,0,0,0,0,0,0,0,1,0,0,0,0,16,0,512,0
17.3,0,0,1,0,0,0,0,0,0,0,0,0,0,0,0,0,8,0,512,0
15.6,0,0,0,0,0,0,0,0,0,0,0,1,0,0,0,0,8,0,512,0
15.6,0,0,0,0,0,0,0,0,0,0,0,1,0,0,0,0,16,0,512,0
15.6,0,1,0,0,0,0,0,0,0,0,0,0,0,0,0,0,8,0,512,0
13.3,0,0,0,0,0,0,0,0,0,0,1,0,0,0,0,0,16,0,512,0
14.0,0,0,0,0,0,0,0,0,0,0,0,1,0,0,0,0,8,0,512,0
13.3,0,0,0,0,0,0,0,0,0,0,0,1,0,0,0,0,16,0,512,0
15.6,0,0,1,0,0,0,0,0,0,0,0,0,0,0,0,0,8,0,512,0
14.0,0,1,0,0,0,0,0,0,0,0,0,0,0,0,0,0,16,0,512,0
13.3,0,0,0,0,0,0,0,0,0,0,1,0,0,0,0,0,8,0,512,0
14.0,0,0,0,0,0,0,0,0,0,0,1,0,0,0,0,0,8,0,512,0
15.6,0,0,0,0,0,0,0,0,0,0,1,0,0,0,0,0,16,0,512,0
15.6,0,0,0,0,0,0,0,0,0,0,0,1,0,0,0,0,16,0,512,0
14.0,0,0,0,0,0,0,0,0,0,0,0,1,0,0,0,0,16,0,512,0
14.0,0,0,0,0,0,0,0,0,0,0,0,1,0,0,0,0,8,0,512,0
13.3,0,0,0,0,0,0,0,0,0,0,0,1,0,0,0,0,8,0,512,0
14.0,0,0,0,0,0,0,0,0,0,0,0,1,0,0,0,0,16,0,512,0
15.6,0,0,0,0,0,0,0,0,0,0,1,0,0,0,0,0,16,0,512,0
15.6,0,0,0,0,0,0,0,0,0,0,1,0,0,0,0,0,8,0,256,0
15.6,0,1,0,0,0,0,0,0,0,0,0,0,0,0,0,0,16,0,512,0
15.6,0,0,0,0,0,0,0,0,0,0,0,1,0,0,0,0,8,0,512,0
14.0,0,0,0,0,0,0,0,0,0,0,1,0,0,0,0,0,16,0,512,0
14.0,0,0,0,0,0,0,0,0,0,0,0,1,0,0,0,0,8,0,512,0
15.6,0,0,0,0,0,0,0,0,0,0,1,0,0,0,0,0,16,0,512,0
14.0,0,0,0,0,0,0,0,0,0,0,0,1,0,0,0,0,16,0,512,0
15.6,0,0,0,0,0,0,0,0,0,0,0,1,0,0,0,0,8,0,512,0
14.0,0,0,1,0,0,0,0,0,0,0,0,0,0,0,0,0,8,0,512,0
16.1,0,0,0,0,0,0,0,0,0,0,0,1,0,0,0,0,8,0,512,0
15.6,0,0,0,0,0,0,0,0,0,0,1,0,0,0,0,0,8,0,512,0
16.1,0,0,0,0,0,0,0,0,0,0,1,0,0,0,0,0,16,0,512,0
15.6,0,0,0,0,0,0,0,0,0,0,1,0,0,0,0,0,16,0,512,0
16.0,0,0,0,0,0,0,0,0,0,0,1,0,0,0,0,0,16,0,512,0
15.6,0,0,0,0,0,0,0,0,0,0,1,0,0,0,0,0,8,0,512,0
15.6,0,0,0,0,0,0,0,0,0,0,0,1,0,0,0,0,8,0,512,0
12.3,0,0,0,0,0,0,0,0,0,0,1,0,0,0,0,0,8,0,256,0
15.6,0,0,0,0,0,0,0,0,0,0,1,0,0,0,0,0,8,0,512,0
14.0,0,0,0,0,0,0,0,0,0,0,0,1,0,0,0,0,8,0,512,0
14.0,0,0,0,0,0,0,0,0,0,0,0,1,0,0,0,0,16,0,512,0
13.3,0,0,0,0,1,0,0,0,0,0,0,0,0,0,0,0,8,0,256,0
14.0,0,1,0,0,0,0,0,0,0,0,0,0,0,0,0,0,8,0,512,0
13.3,0,0,0,0,0,0,0,0,0,0,1,0,0,0,0,0,8,0,512,0
14.0,0,0,0,0,0,0,0,0,0,0,1,0,0,0,0,0,8,0,512,0
13.3,0,0,0,0,0,0,0,0,0,0,1,0,0,0,0,0,8,0,512,0
16.1,0,0,0,0,0,0,0,0,0,0,0,1,0,0,0,0,8,0,512,0
16.1,0,0,0,0,0,0,0,0,0,0,1,0,0,0,0,0,8,0,512,0
15.6,0,1,0,0,0,0,0,0,0,0,0,0,0,0,0,0,16,0,512,0
14.0,0,0,0,0,0,0,0,0,0,0,1,0,0,0,0,0,16,0,512,0
14.0,0,0,0,0,0,0,0,0,0,0,0,1,0,0,0,0,8,0,512,0
13.3,0,0,1,0,0,0,0,0,0,0,0,0,0,0,0,0,8,0,256,0
15.6,0,0,0,0,0,0,0,0,0,0,0,1,0,0,0,0,8,0,512,0
15.6,0,0,0,0,0,0,0,0,0,0,1,0,0,0,0,0,16,0,512,0
16.1,0,1,0,0,0,0,0,0,0,0,0,0,0,0,0,0,8,0,512,0
17.3,0,0,0,0,0,0,0,0,0,0,0,1,0,0,0,0,8,0,512,0
15.6,0,0,1,0,0,0,0,0,0,0,0,0,0,0,0,0,8,0,512,0
14.0,0,0,1,0,0,0,0,0,0,0,0,0,0,0,0,0,8,0,512,0
14.0,0,1,0,0,0,0,0,0,0,0,0,0,0,0,0,0,16,0,512,0
12.3,0,0,0,0,0,0,0,0,0,0,1,0,0,0,0,0,8,0,128,0
14.0,0,0,0,0,0,0,0,0,0,0,0,1,0,0,0,0,8,0,512,0
13.3,0,1,0,0,0,0,0,0,0,0,0,0,0,0,0,0,8,0,256,0
13.3,0,0,0,0,0,0,0,0,0,0,1,0,0,0,0,0,8,0,256,0
17.3,0,0,0,0,0,0,0,0,0,0,1,0,0,0,0,0,8,0,512,0
15.6,0,0,0,0,0,0,0,0,0,0,1,0,0,0,0,0,8,0,512,0
14.0,0,0,0,0,0,0,0,0,0,0,1,0,0,0,0,0,8,0,512,0
16.1,0,0,0,0,0,0,0,0,0,0,1,0,0,0,0,0,8,0,512,0
15.6,0,0,0,0,0,0,0,0,0,0,1,0,0,0,0,0,8,0,512,0
15.6,0,0,0,0,0,0,0,0,0,0,1,0,0,0,0,0,8,0,512,0
15.6,0,0,0,0,0,0,0,0,0,0,0,1,0,0,0,0,8,0,512,0
15.6,0,0,0,0,0,0,0,0,0,0,1,0,0,0,0,0,8,0,512,0
15.6,0,0,0,0,0,0,0,0,0,0,0,1,0,0,0,0,8,0,512,0
13.3,0,0,0,0,0,0,0,0,0,0,1,0,0,0,0,0,8,0,512,0
15.6,0,0,0,0,0,0,0,0,0,0,1,0,0,0,0,0,8,0,512,0
14.0,0,0,0,0,0,0,0,0,0,0,0,1,0,0,0,0,8,0,512,0
13.3,0,0,0,0,0,0,0,0,0,0,1,0,0,0,0,0,8,0,512,0
16.1,0,1,0,0,0,0,0,0,0,0,0,0,0,0,0,0,8,0,512,0
14.0,0,0,0,0,0,0,0,0,0,0,1,0,0,0,0,0,8,0,512,0
15.6,0,0,0,0,0,0,0,0,0,0,1,0,0,0,0,0,8,0,256,0
14.0,0,0,0,0,0,0,0,0,0,0,1,0,0,0,0,0,8,0,512,0
14.0,0,0,0,0,0,0,0,0,0,0,1,0,0,0,0,0,8,0,512,0
12.3,0,0,0,0,0,0,0,0,0,0,1,0,0,0,0,0,8,0,128,0
12.4,0,0,0,0,0,0,0,0,0,0,1,0,0,0,0,0,8,0,256,0
13.3,0,0,0,0,0,0,0,0,0,0,1,0,0,0,0,0,8,0,256,0
14.0,0,0,0,0,0,0,0,0,0,0,1,0,0,0,0,0,8,0,512,0
16.1,0,0,0,0,0,0,0,0,0,0,1,0,0,0,0,0,8,0,512,0
14.0,0,0,1,0,0,0,0,0,0,0,0,0,0,0,0,0,8,0,512,0
15.6,0,0,0,0,0,0,0,0,0,0,1,0,0,0,0,0,8,0,512,0
15.6,0,0,0,0,0,0,0,0,0,0,1,0,0,0,0,0,8,0,512,0
14.0,0,0,0,0,0,0,0,0,0,0,0,1,0,0,0,0,8,0,512,0
15.6,0,0,0,0,0,0,0,0,0,0,1,0,0,0,0,0,8,0,512,0
14.0,0,0,0,0,0,0,0,0,0,0,0,1,0,0,0,0,8,0,512,0
15.6,0,0,0,0,0,0,0,0,0,0,1,0,0,0,0,0,8,0,512,0
14.0,0,0,0,0,0,0,0,0,0,0,1,0,0,0,0,0,8,0,512,0
15.6,0,0,0,0,0,0,0,0,0,0,1,0,0,0,0,0,8,0,512,0
14.0,0,0,0,0,0,0,0,0,0,0,1,0,0,0,0,0,16,0,512,0
14.0,0,0,0,0,0,0,0,0,0,0,1,0,0,0,0,0,8,0,512,0
14.0,0,0,0,0,0,0,0,0,0,0,0,1,0,0,0,0,8,0,512,0
14.0,0,0,0,0,0,0,0,0,0,0,1,0,0,0,0,0,8,0,512,0
15.6,0,0,1,0,0,0,0,0,0,0,0,0,0,0,0,0,8,0,512,0
14.0,0,0,1,0,0,0,0,0,0,0,0,0,0,0,0,0,8,0,512,0
14.0,0,0,0,0,0,0,0,0,0,0,0,1,0,0,0,0,8,0,512,0
15.6,0,0,0,0,0,0,0,0,0,0,1,0,0,0,0,0,8,0,512,0
15.6,0,0,0,0,0,0,0,0,0,0,0,1,0,0,0,0,8,0,512,0
15.6,0,0,0,0,0,0,0,0,0,0,1,0,0,0,0,0,8,0,512,0
15.6,0,0,0,0,0,0,0,0,0,0,1,0,0,0,0,0,4,0,512,0
14.0,0,0,1,0,0,0,0,0,0,0,0,0,0,0,0,0,8,0,512,0
14.0,0,0,0,0,0,0,0,0,0,0,1,0,0,0,0,0,8,0,512,0
15.6,0,0,0,0,0,0,0,0,0,0,0,1,0,0,0,0,8,0,512,0
14.0,0,0,0,0,0,0,0,0,0,0,1,0,0,0,0,0,8,0,512,0
15.6,0,1,0,0,0,0,0,0,0,0,0,0,0,0,0,0,8,0,256,0
15.6,0,0,0,0,0,0,0,0,0,0,1,0,0,0,0,0,8,0,512,0
15.6,0,0,0,0,0,0,0,0,0,0,1,0,0,0,0,0,8,0,512,0
15.6,0,0,1,0,0,0,0,0,0,0,0,0,0,0,0,0,8,0,512,0
15.6,0,0,0,0,0,0,0,0,0,0,0,1,0,0,0,0,8,0,512,0
14.0,0,0,0,0,0,0,0,0,0,0,1,0,0,0,0,0,8,0,256,0
15.6,0,0,0,0,0,0,0,0,0,0,1,0,0,0,0,0,8,0,512,0
15.6,0,1,0,0,0,0,0,0,0,0,0,0,0,0,0,0,8,0,512,0
15.6,0,0,0,0,0,0,0,0,0,0,1,0,0,0,0,0,8,0,512,0
15.6,0,0,0,0,0,0,0,0,0,0,1,0,0,0,0,0,8,0,512,0
14.0,0,1,0,0,0,0,0,0,0,0,0,0,0,0,0,0,8,0,512,0
15.6,1,0,0,0,0,0,0,0,0,0,0,0,0,0,0,0,8,0,256,0
15.6,0,1,0,0,0,0,0,0,0,0,0,0,0,0,0,0,8,0,512,0
15.6,0,0,0,0,0,0,0,0,0,0,1,0,0,0,0,0,8,0,512,0
14.0,0,0,0,0,0,0,0,0,0,0,1,0,0,0,0,0,8,0,512,0
15.6,0,0,0,0,0,0,0,0,0,0,1,0,0,0,0,0,8,0,512,0
15.6,0,1,0,0,0,0,0,0,0,0,0,0,0,0,0,0,8,0,256,0
15.6,0,0,0,0,0,0,0,0,0,0,1,0,0,0,0,0,8,0,512,0
15.6,0,0,0,0,0,0,0,0,0,0,1,0,0,0,0,0,8,0,512,0
12.4,0,0,0,0,0,0,0,0,0,0,1,0,0,0,0,0,8,0,128,0
14.0,0,0,0,0,0,0,0,0,0,0,1,0,0,0,0,0,8,0,512,0
15.6,0,0,0,0,0,0,0,0,0,0,1,0,0,0,0,0,8,0,256,0
15.6,0,0,0,0,0,0,0,0,0,0,0,1,0,0,0,0,8,0,512,0
14.0,0,1,0,0,0,0,0,0,0,0,0,0,0,0,0,0,8,0,512,0
15.6,0,0,0,0,0,0,0,0,0,0,1,0,0,0,0,0,8,0,512,0
14.0,0,0,0,0,0,0,0,0,0,0,1,0,0,0,0,0,8,0,512,0
14.0,0,0,0,0,0,0,0,0,0,0,1,0,0,0,0,0,8,0,256,0
15.6,0,0,0,0,0,0,0,0,0,0,1,0,0,0,0,0,8,0,512,0
14.0,0,0,0,0,0,0,0,0,0,0,1,0,0,0,0,0,8,0,512,0
15.6,0,0,0,0,0,0,0,0,0,0,1,0,0,0,0,0,8,0,512,0
14.0,0,0,0,0,0,0,0,0,0,0,1,0,0,0,0,0,8,0,512,0
15.6,0,0,0,0,0,0,0,0,0,0,1,0,0,0,0,0,8,0,512,0
14.0,0,0,0,0,0,0,0,0,0,0,1,0,0,0,0,0,8,0,512,0
14.0,0,0,0,0,0,0,0,0,0,0,1,0,0,0,0,0,8,0,256,0
15.6,0,0,0,0,0,0,0,0,0,0,1,0,0,0,0,0,8,0,512,0
14.0,0,1,0,0,0,0,0,0,0,0,0,0,0,0,0,0,8,0,512,0
14.0,0,0,0,0,0,0,0,0,0,0,1,0,0,0,0,0,8,0,512,0
14.0,0,0,0,0,0,0,0,0,0,1,0,0,0,0,0,0,4,0,512,0
15.6,0,0,0,0,0,0,0,0,0,0,1,0,0,0,0,0,8,0,512,0
15.6,0,1,0,0,0,0,0,0,0,0,0,0,0,0,0,0,8,0,512,0
14.0,0,1,0,0,0,0,0,0,0,0,0,0,0,0,0,0,8,0,256,0
15.6,0,0,0,0,0,0,0,0,0,0,1,0,0,0,0,0,8,0,512,0
14.0,0,0,0,0,0,0,0,0,0,0,1,0,0,0,0,0,8,0,1000,0
14.0,0,1,0,0,0,0,0,0,0,0,0,0,0,0,0,0,8,0,512,0
14.0,0,0,0,0,0,0,0,0,0,0,1,0,0,0,0,0,8,0,512,0
14.0,0,0,0,0,0,0,0,0,0,0,1,0,0,0,0,0,16,0,512,0
14.0,0,0,0,0,0,0,0,0,0,1,0,0,0,0,0,0,4,0,512,0
15.6,0,0,0,0,0,0,0,0,0,0,1,0,0,0,0,0,8,0,512,0
15.6,0,0,0,0,0,0,0,0,0,0,1,0,0,0,0,0,8,0,512,0
15.6,0,0,0,0,0,0,0,0,0,1,0,0,0,0,0,0,4,0,512,0
14.0,0,0,0,0,0,0,0,0,0,0,1,0,0,0,0,0,8,0,512,0
14.0,0,0,0,0,0,0,0,0,0,1,0,0,0,0,0,0,4,0,512,0
15.6,0,0,0,0,0,0,0,0,0,1,0,0,0,0,0,0,8,0,512,0
15.6,0,0,0,0,0,0,0,0,0,1,0,0,0,0,0,0,8,0,512,0
14.0,0,0,0,0,0,0,0,0,0,0,1,0,0,0,0,0,8,0,512,0
14.0,0,1,0,0,0,0,0,0,0,0,0,0,0,0,0,0,8,0,256,0
15.6,0,0,0,0,0,0,0,0,0,1,0,0,0,0,0,0,4,0,256,0
15.6,0,0,0,0,0,0,0,0,0,1,0,0,0,0,0,0,4,0,256,0
14.0,0,0,0,0,0,0,0,0,0,1,0,0,0,0,0,0,8,0,512,0
14.0,0,0,0,0,0,0,0,0,0,1,0,0,0,0,0,0,4,0,512,0
14.0,0,0,0,0,0,0,0,0,0,1,0,0,0,0,0,0,4,0,256,0
14.0,0,0,0,0,0,0,0,0,0,1,0,0,0,0,0,0,4,0,256,0
14.0,0,0,0,0,0,0,0,0,0,1,0,0,0,0,0,0,4,0,512,0
14.0,0,0,0,0,0,0,0,0,0,1,0,0,0,0,0,0,8,0,512,0
14.0,0,0,0,0,0,0,0,0,0,1,0,0,0,0,0,0,4,0,256,0
14.0,0,0,0,0,0,0,0,0,0,1,0,0,0,0,0,0,4,0,512,0
14.0,0,0,0,0,0,0,0,0,0,1,0,0,0,0,0,0,8,0,256,0
14.0,0,0,0,0,0,0,0,0,0,1,0,0,0,0,0,0,4,0,512,0
14.0,0,0,0,0,0,0,0,0,0,1,0,0,0,0,0,0,8,0,256,0
15.6,0,0,0,0,0,0,0,0,0,1,0,0,0,0,0,0,8,0,256,0
14.0,0,0,0,0,0,0,0,0,0,1,0,0,0,0,0,0,8,0,512,0
15.6,0,0,0,0,0,0,0,0,0,1,0,0,0,0,0,0,8,0,256,0
14.0,0,0,0,0,0,0,0,1,0,0,0,0,0,0,0,0,8,0,256,0
15.6,0,0,0,0,0,0,0,0,0,0,1,0,0,0,0,0,8,0,256,0
15.6,0,0,0,0,0,0,0,0,0,1,0,0,0,0,0,0,4,0,256,0
15.6,0,0,0,0,0,0,0,0,0,1,0,0,0,0,0,0,4,0,256,0
15.6,0,0,0,0,0,0,0,0,0,1,0,0,0,0,0,0,8,0,256,0
14.0,0,0,0,0,0,0,0,0,0,1,0,0,0,0,0,0,4,0,512,0
14.0,0,0,0,0,0,0,0,0,0,1,0,0,0,0,0,0,4,0,256,0
14.0,0,0,0,0,0,0,0,0,0,1,0,0,0,0,0,0,4,0,256,0
15.6,0,0,0,0,0,0,0,0,0,1,0,0,0,0,0,0,4,0,256,0
14.0,1,0,0,0,0,0,0,0,0,0,0,0,0,0,0,0,4,0,256,0
14.0,1,0,0,0,0,0,0,0,0,0,0,0,0,0,0,0,4,0,256,0
14.0,0,0,0,0,0,0,0,0,0,1,0,0,0,0,0,0,4,0,256,0
14.0,0,0,0,0,0,0,0,0,0,1,0,0,0,0,0,0,4,0,512,0
14.0,0,0,0,0,0,0,0,0,0,1,0,0,0,0,0,0,4,0,256,0
14.0,0,0,0,0,0,0,0,0,0,1,0,0,0,0,0,0,4,0,512,0
15.6,1,0,0,0,0,0,0,0,0,0,0,0,0,0,0,0,8,0,256,0
14.0,0,0,0,0,0,0,0,0,0,1,0,0,0,0,0,0,4,0,256,0
15.6,0,0,0,0,0,0,0,0,0,1,0,0,0,0,0,0,8,0,256,0
15.6,0,0,0,0,0,0,0,0,0,1,0,0,0,0,0,0,4,0,256,0
15.6,0,0,0,0,0,0,0,0,0,1,0,0,0,0,0,0,4,0,256,0
15.6,0,0,0,0,0,0,0,0,0,1,0,0,0,0,0,0,4,0,256,0
15.6,0,0,0,0,0,0,0,0,0,1,0,0,0,0,0,0,4,0,256,0
15.6,0,0,0,0,0,0,0,0,0,1,0,0,0,0,0,0,4,0,256,0
14.0,0,0,0,0,0,0,0,0,0,0,0,0,0,0,0,1,4,0,256,0
13.0,0,0,0,0,0,0,0,1,0,0,0,0,0,0,0,0,8,0,256,0
14.0,0,0,0,0,0,0,0,0,0,1,0,0,0,0,0,0,4,0,256,0
14.0,0,0,0,0,0,0,0,0,0,0,0,0,0,0,0,1,4,0,256,0
14.0,0,0,0,0,0,0,0,0,0,0,0,0,0,0,0,1,4,0,512,0
15.6,0,0,0,0,0,0,0,1,0,0,0,0,0,0,0,0,4,0,256,0
14.1,0,0,0,0,0,0,0,1,0,0,0,0,0,0,0,0,8,0,256,0
11.6,0,0,0,0,0,0,0,0,0,0,0,0,0,0,0,1,4,0,0,128
14.0,0,0,0,0,0,0,0,1,0,0,0,0,0,0,0,0,4,0,256,0
11.6,0,0,0,0,0,0,0,0,0,0,0,0,0,0,0,1,4,0,256,0
11.6,0,0,0,0,0,0,0,1,0,0,0,0,0,0,0,0,4,0,0,64
13.0,0,0,0,0,1,0,0,0,0,0,0,0,0,0,0,0,8,0,256,0
15.6,0,1,0,0,0,0,0,0,0,0,0,0,0,0,0,0,8,0,256,0
14.0,0,0,0,0,0,0,1,0,0,0,0,0,0,0,0,0,16,0,512,0
14.0,0,0,0,0,0,0,0,0,0,0,1,0,0,0,0,0,8,0,256,0
13.0,0,0,0,0,1,0,0,0,0,0,0,0,0,0,0,0,8,0,256,0
13.0,0,0,0,0,1,0,0,0,0,0,0,0,0,0,0,0,8,0,256,0
11.6,0,0,0,0,0,0,0,0,0,0,0,0,0,0,0,1,4,0,256,0
14.0,0,0,0,0,0,0,0,0,0,0,0,1,0,0,0,0,8,0,256,0
15.6,1,0,0,0,0,0,0,0,0,0,0,0,0,0,0,0,8,0,256,0
15.6,0,0,0,0,0,0,0,0,0,1,0,0,0,0,0,0,8,0,256,0
14.0,0,0,0,0,0,0,0,0,0,0,1,0,0,0,0,0,8,0,256,0
15.6,0,1,0,0,0,0,0,0,0,0,0,0,0,0,0,0,8,0,256,0
15.6,0,0,0,0,0,0,0,0,0,0,1,0,0,0,0,0,8,0,512,0
14.0,0,0,0,0,0,0,0,0,0,0,1,0,0,0,0,0,8,0,512,0
14.0,0,0,0,0,0,0,0,0,0,0,0,1,0,0,0,0,8,0,512,0
14.0,0,1,0,0,0,0,0,0,0,0,0,0,0,0,0,0,8,0,512,0
15.6,0,1,0,0,0,0,0,0,0,0,0,0,0,0,0,0,8,0,512,0
15.6,0,0,0,0,0,0,0,0,0,1,0,0,0,0,0,0,4,0,256,0
15.6,0,1,0,0,0,0,0,0,0,0,0,0,0,0,0,0,8,0,256,0
14.0,0,0,0,0,0,0,0,0,0,0,1,0,0,0,0,0,8,0,256,0
15.6,0,1,0,0,0,0,0,0,0,0,0,0,0,0,0,0,8,0,512,0
15.6,0,1,0,0,0,0,0,0,0,0,0,0,0,0,0,0,8,0,512,0
14.0,0,0,0,0,0,0,0,0,0,0,1,0,0,0,0,0,8,0,256,0
14.0,0,0,0,0,0,0,0,0,0,1,0,0,0,0,0,0,8,0,256,0
15.6,0,0,0,0,0,0,0,0,0,0,1,0,0,0,0,0,8,0,512,0
14.0,0,0,0,0,0,0,0,0,0,0,1,0,0,0,0,0,8,0,512,0
16.0,0,0,0,0,0,0,1,0,0,0,0,0,0,0,0,0,16,0,512,0
14.0,0,0,0,0,0,0,0,0,0,0,1,0,0,0,0,0,8,0,256,0
14.0,0,1,0,0,0,0,0,0,0,0,0,0,0,0,0,0,16,0,512,0
15.6,0,1,0,0,0,0,0,0,0,0,0,0,0,0,0,0,8,0,512,0
14.0,0,0,1,0,0,0,0,0,0,0,0,0,0,0,0,0,8,0,512,0
14.0,0,1,0,0,0,0,0,0,0,0,0,0,0,0,0,0,8,0,512,0
13.3,0,0,0,0,0,0,0,0,0,0,1,0,0,0,0,0,16,0,512,0
14.1,0,0,0,0,0,0,0,1,0,0,0,0,0,0,0,0,8,0,256,0
15.6,0,0,0,0,0,0,0,0,0,0,0,1,0,0,0,0,16,0,512,0
15.6,0,0,0,0,0,0,0,0,0,1,0,0,0,0,0,0,4,0,256,0
13.3,0,0,0,0,0,0,0,0,0,0,1,0,0,0,0,0,4,0,256,0
14.0,0,0,0,0,0,0,0,0,0,0,1,0,0,0,0,0,8,0,512,0
14.0,0,0,0,0,0,0,0,1,0,0,0,0,0,0,0,0,8,0,256,0
14.0,0,1,0,0,0,0,0,0,0,0,0,0,0,0,0,0,4,0,256,0
15.6,0,0,0,0,0,0,0,0,0,0,1,0,0,0,0,0,4,0,512,0
15.6,0,0,0,0,0,0,0,0,0,0,0,1,0,0,0,0,8,0,512,0
14.0,0,0,0,0,0,0,0,0,0,0,1,0,0,0,0,0,8,0,256,0
15.6,0,0,0,0,0,0,0,0,0,0,1,0,0,0,0,0,8,0,512,0
14.0,0,0,0,0,0,0,0,0,0,0,1,0,0,0,0,0,8,0,512,0
11.6,0,0,0,0,0,0,0,1,0,0,0,0,0,0,0,0,4,0,128,0
14.0,0,0,0,0,0,0,0,0,0,0,1,0,0,0,0,0,8,0,512,0
15.6,0,1,0,0,0,0,0,0,0,0,0,0,0,0,0,0,8,0,256,0
14.0,0,0,0,0,0,0,0,0,0,0,0,0,0,0,0,1,4,0,256,0
14.0,0,0,0,0,0,0,0,0,0,0,1,0,0,0,0,0,8,0,256,0
15.6,0,0,0,0,0,0,0,0,0,0,1,0,0,0,0,0,16,0,512,0
15.6,0,1,0,0,0,0,0,0,0,0,0,0,0,0,0,0,8,0,512,0
14.0,0,1,0,0,0,0,0,0,0,0,0,0,0,0,0,0,16,0,512,0
15.6,0,0,0,0,1,0,0,0,0,0,0,0,0,0,0,0,4,0,256,0
15.6,0,0,0,0,0,0,0,0,0,1,0,0,0,0,0,0,4,0,256,0
14.0,0,0,0,0,0,0,0,0,0,1,0,0,0,0,0,0,4,0,256,0
14.0,0,0,0,0,0,0,0,0,0,0,1,0,0,0,0,0,8,0,256,0
14.0,0,0,0,0,0,0,0,0,0,0,1,0,0,0,0,0,8,0,512,0
14.0,0,0,0,0,0,0,0,0,0,0,1,0,0,0,0,0,8,0,512,0
15.6,0,1,0,0,0,0,0,0,0,0,0,0,0,0,0,0,16,0,512,0
14.0,0,0,0,0,0,0,0,0,0,0,0,1,0,0,0,0,16,0,512,0
15.6,0,0,0,0,0,0,0,0,0,0,1,0,0,0,0,0,8,0,512,0
14.0,0,0,0,0,0,0,0,0,0,0,1,0,0,0,0,0,8,0,256,0
14.0,0,0,0,0,0,0,0,0,0,0,1,0,0,0,0,0,8,0,512,0
15.6,0,0,0,0,0,0,0,0,0,1,0,0,0,0,0,0,8,0,256,0
13.0,0,0,0,0,0,0,0,1,0,0,0,0,0,0,0,0,8,0,256,0
14.0,0,0,0,0,0,0,0,0,0,1,0,0,0,0,0,0,4,0,256,0
15.6,0,0,0,0,0,0,0,0,0,0,1,0,0,0,0,0,4,0,512,0
14.0,0,0,0,0,0,0,0,0,0,0,0,1,0,0,0,0,8,0,512,0
15.6,0,0,0,0,0,0,0,0,0,1,0,0,0,0,0,0,4,0,128,0
14.0,0,0,0,0,0,0,0,0,0,0,1,0,0,0,0,0,8,0,256,0
14.0,0,0,0,0,0,0,1,0,0,0,0,0,0,0,0,0,16,0,512,0
14.0,0,1,0,0,0,0,0,0,0,0,0,0,0,0,0,0,8,0,512,0
15.6,0,0,1,0,0,0,0,0,0,0,0,0,0,0,0,0,8,0,256,0
14.0,0,0,0,0,0,0,0,0,0,0,1,0,0,0,0,0,8,0,256,0
14.0,0,0,0,0,0,0,0,0,0,0,1,0,0,0,0,0,8,0,256,0
15.6,0,0,0,0,0,0,0,0,0,0,1,0,0,0,0,0,8,0,256,0
11.0,0,0,0,0,0,0,0,0,0,0,1,0,0,0,0,0,8,0,512,0
15.6,0,0,0,0,0,0,0,0,0,1,0,0,0,0,0,0,4,0,256,0
15.6,0,0,1,0,0,0,0,0,0,0,0,0,0,0,0,0,8,0,512,0
15.6,0,0,0,0,1,0,0,0,0,0,0,0,0,0,0,0,32,0,1000,0
15.6,0,0,0,0,1,0,0,0,0,0,0,0,0,0,0,0,32,0,1000,0
15.6,0,0,0,0,0,0,0,0,0,0,1,0,0,0,0,0,8,0,512,0
13.3,0,0,0,0,0,0,0,0,0,0,1,0,0,0,0,0,8,0,512,0
15.6,0,0,0,0,0,0,0,0,0,0,0,1,0,0,0,0,8,0,512,0
15.6,0,1,0,0,0,0,0,0,0,0,0,0,0,0,0,0,8,0,256,0
14.0,0,0,0,0,0,0,0,0,0,0,1,0,0,0,0,0,8,0,512,0
14.0,0,1,0,0,0,0,0,0,0,0,0,0,0,0,0,0,8,0,512,0
14.0,0,1,0,0,0,0,0,0,0,0,0,0,0,0,0,0,8,0,512,0
15.6,0,0,0,0,0,0,0,0,0,0,1,0,0,0,0,0,8,0,512,0
14.0,0,0,0,0,0,0,0,0,0,1,0,0,0,0,0,0,4,0,256,0
15.6,0,0,0,0,0,0,0,0,0,0,1,0,0,0,0,0,8,0,512,0
14.0,0,0,0,0,0,0,0,0,0,0,1,0,0,0,0,0,8,0,256,0
16.0,0,0,0,0,0,0,0,0,0,0,0,1,0,0,0,0,8,0,512,0
15.6,0,0,1,0,0,0,0,0,0,0,0,0,0,0,0,0,8,0,512,0
11.6,0,0,0,0,0,0,0,1,0,0,0,0,0,0,0,0,4,0,0,64
15.6,0,0,0,0,0,0,0,0,0,0,1,0,0,0,0,0,8,0,512,0
14.0,0,0,0,0,0,0,0,0,0,1,0,0,0,0,0,0,8,0,256,0
13.3,0,0,0,0,0,0,0,0,0,0,1,0,0,0,0,0,8,0,512,0
15.6,0,0,1,0,0,0,0,0,0,0,0,0,0,0,0,0,8,0,512,0
14.0,0,0,0,0,0,0,0,0,0,0,1,0,0,0,0,0,16,0,512,0
16.1,0,1,0,0,0,0,0,0,0,0,0,0,0,0,0,0,8,0,512,0
11.6,0,0,0,0,0,0,0,0,0,0,0,0,0,0,0,1,4,0,0,128
14.0,0,0,0,0,0,0,0,0,0,1,0,0,0,0,0,0,8,0,256,0
14.0,0,0,0,0,0,0,0,0,0,0,0,0,0,0,0,1,4,0,512,0
14.0,0,1,0,0,0,0,0,0,0,0,0,0,0,0,0,0,8,0,512,0
15.6,0,0,0,0,0,0,0,0,0,0,1,0,0,0,0,0,4,0,512,0
14.0,0,0,0,0,0,0,0,0,0,0,1,0,0,0,0,0,4,0,512,0
15.6,0,0,0,0,0,0,0,0,0,0,1,0,0,0,0,0,8,0,512,0
15.6,0,0,0,0,0,0,0,0,0,0,1,0,0,0,0,0,8,0,512,0
17.0,0,0,0,0,0,0,0,0,0,0,0,1,0,0,0,0,16,0,256,0
13.5,0,0,0,0,0,0,0,0,0,0,1,0,0,0,0,0,8,0,256,0
15.6,0,0,0,0,0,0,0,0,0,0,1,0,0,0,0,0,8,0,512,0
14.0,1,0,0,0,0,0,0,0,0,0,0,0,0,0,0,0,4,0,256,0
14.0,0,1,0,0,0,0,0,0,0,0,0,0,0,0,0,0,16,0,512,0
14.0,0,0,0,0,0,0,0,0,0,0,1,0,0,0,0,0,8,0,256,0
14.0,0,0,0,0,0,0,0,0,0,0,1,0,0,0,0,0,4,0,512,0
15.6,0,0,0,0,1,0,0,0,0,0,0,0,0,0,0,0,16,0,512,0
14.0,0,0,0,0,0,0,0,0,0,1,0,0,0,0,0,0,8,0,256,0
12.3,0,0,0,0,0,0,0,0,0,1,0,0,0,0,0,0,4,0,128,0
15.6,0,0,0,0,0,0,0,0,0,0,1,0,0,0,0,0,8,0,512,0
10.3,0,0,0,0,0,0,0,0,0,0,0,0,0,0,0,1,8,0,256,0
15.6,0,0,0,0,0,0,0,0,0,0,0,1,0,0,0,0,8,0,512,0
15.6,0,1,0,0,0,0,0,0,0,0,0,0,0,0,0,0,4,0,128,0
17.0,0,0,0,0,0,0,0,0,0,0,0,1,0,0,0,0,16,0,1000,0
12.4,0,0,0,0,0,0,0,0,0,0,1,0,0,0,0,0,8,0,128,0
13.3,0,0,0,0,0,0,0,0,0,0,0,1,0,0,0,0,8,0,512,0
12.3,0,0,0,0,0,0,0,0,0,1,0,0,0,0,0,0,4,0,128,0
14.0,0,0,0,0,0,0,0,0,0,1,0,0,0,0,0,0,4,0,256,0
14.0,0,1,0,0,0,0,0,0,0,0,0,0,0,0,0,0,4,0,256,0
16.0,0,0,0,0,0,0,0,0,0,0,1,0,0,0,0,0,16,0,512,0
16.0,0,0,1,0,0,0,0,0,0,0,0,0,0,0,0,0,16,0,512,0
17.3,0,0,0,0,0,0,0,0,0,0,1,0,0,0,0,0,8,0,512,0
12.3,0,0,0,0,0,0,0,0,0,0,1,0,0,0,0,0,8,0,128,0
14.0,0,0,0,0,0,0,0,1,0,0,0,0,0,0,0,0,4,0,256,0
11.6,0,0,0,0,0,0,0,0,0,0,0,0,0,0,0,1,4,0,256,0
15.6,0,1,0,0,0,0,0,0,0,0,0,0,0,0,0,0,8,0,512,0
14.0,0,1,0,0,0,0,0,0,0,0,0,0,0,0,0,0,8,0,512,0
16.1,0,1,0,0,0,0,0,0,0,0,0,0,0,0,0,0,8,0,512,0
14.0,0,1,0,0,0,0,0,0,0,0,0,0,0,0,0,0,8,0,256,0
14.0,0,0,0,0,0,0,0,0,0,0,1,0,0,0,0,0,4,0,256,0
14.0,0,0,0,0,0,0,0,0,0,0,1,0,0,0,0,0,8,0,256,0
11.6,0,0,0,0,0,0,0,0,0,0,0,0,0,0,0,1,4,0,256,0
14.0,0,0,0,0,0,0,0,0,0,0,0,1,0,0,0,0,8,0,256,0
14.0,0,0,0,0,0,0,0,0,0,0,1,0,0,0,0,0,8,0,512,0
15.6,0,0,0,0,0,0,0,0,0,0,0,1,0,0,0,0,16,0,512,0
14.0,0,0,0,0,0,0,0,0,0,1,0,0,0,0,0,0,4,0,256,0
14.0,0,0,0,0,0,0,0,0,0,1,0,0,0,0,0,0,4,0,512,0
13.3,0,0,0,0,0,0,0,0,0,0,1,0,0,0,0,0,8,0,512,0
15.6,0,0,0,0,1,0,0,0,0,0,0,0,0,0,0,0,16,0,512,0
14.0,0,0,0,0,0,0,0,0,0,0,1,0,0,0,0,0,8,0,256,0
15.6,0,0,0,0,0,0,0,0,0,1,0,0,0,0,0,0,4,0,256,0
14.0,0,0,0,0,0,0,0,0,0,0,0,1,0,0,0,0,8,0,512,0
14.0,0,0,0,0,0,0,0,0,0,0,1,0,0,0,0,0,16,0,512,0
14.0,0,0,0,0,0,0,0,0,0,1,0,0,0,0,0,0,4,0,256,0
14.0,0,0,0,0,0,0,0,0,0,0,0,1,0,0,0,0,8,0,512,0
15.6,0,1,0,0,0,0,0,0,0,0,0,0,0,0,0,0,8,0,256,0
14.0,0,0,0,0,0,0,0,0,0,0,1,0,0,0,0,0,8,0,256,0
15.6,0,0,0,0,0,0,0,0,0,0,1,0,0,0,0,0,4,0,256,0
13.0,0,0,0,0,0,0,0,0,0,0,1,0,0,0,0,0,8,0,128,0
15.6,0,1,0,0,0,0,0,0,0,0,0,0,0,0,0,0,8,0,256,0
14.0,1,0,0,0,0,0,0,0,0,0,0,0,0,0,0,0,4,0,256,0
13.3,0,1,0,0,0,0,0,0,0,0,0,0,0,0,0,0,8,0,256,0
14.0,0,0,0,0,0,0,0,0,0,0,0,1,0,0,0,0,16,0,512,0
15.6,0,0,1,0,0,0,0,0,0,0,0,0,0,0,0,0,8,0,512,0
14.0,0,0,0,0,0,0,0,0,0,0,1,0,0,0,0,0,8,0,512,0
15.6,0,1,0,0,0,0,0,0,0,0,0,0,0,0,0,0,8,0,512,0
13.3,0,0,0,0,0,0,0,0,0,0,0,1,0,0,0,0,16,0,1000,0
12.3,0,0,0,0,0,0,0,0,0,0,1,0,0,0,0,0,8,0,256,0
15.6,0,0,0,0,0,0,0,0,0,1,0,0,0,0,0,0,4,0,256,0
14.0,0,0,0,0,0,0,0,0,0,0,0,1,0,0,0,0,8,0,512,0
15.6,0,0,0,0,0,0,0,0,0,0,1,0,0,0,0,0,8,0,512,0
15.6,0,0,0,0,0,0,0,0,0,0,0,1,0,0,0,0,16,0,512,0
14.0,0,0,0,0,0,0,0,0,0,0,1,0,0,0,0,0,8,0,256,0
15.6,0,0,0,0,0,0,0,0,0,0,1,0,0,0,0,0,4,0,256,0
14.0,0,1,0,0,0,0,0,0,0,0,0,0,0,0,0,0,4,0,256,0
14.0,0,0,0,0,0,0,0,0,0,1,0,0,0,0,0,0,8,0,256,0
15.6,0,0,0,0,0,0,0,0,0,0,0,1,0,0,0,0,8,0,512,0
14.0,0,0,0,0,0,0,0,0,0,0,1,0,0,0,0,0,16,0,512,0
15.6,0,0,0,0,0,0,0,0,0,0,0,1,0,0,0,0,8,0,512,0
14.0,0,0,1,0,0,0,0,0,0,0,0,0,0,0,0,0,16,0,512,0
15.6,0,0,0,0,0,0,0,0,0,1,0,0,0,0,0,0,4,0,256,0
14.0,0,0,0,0,0,0,0,0,0,0,1,0,0,0,0,0,8,0,512,0
14.0,1,0,0,0,0,0,0,0,0,0,0,0,0,0,0,0,4,0,256,0
12.3,0,0,0,0,0,0,0,0,0,0,1,0,0,0,0,0,8,0,128,0
15.6,0,0,0,0,0,0,0,0,0,0,0,1,0,0,0,0,16,0,512,0
15.6,0,1,0,0,0,0,0,0,0,0,0,0,0,0,0,0,8,0,512,0
15.6,0,0,0,0,0,0,0,0,0,0,1,0,0,0,0,0,8,0,512,0
15.6,0,0,0,0,0,0,0,0,0,0,1,0,0,0,0,0,8,0,512,0
14.0,0,1,0,0,0,0,0,0,0,0,0,0,0,0,0,0,16,0,512,0
15.6,0,0,0,0,0,0,0,0,0,0,1,0,0,0,0,0,8,0,512,0
15.6,0,0,0,0,0,0,0,0,0,0,0,1,0,0,0,0,16,0,512,0
17.3,0,0,0,0,0,0,0,0,0,0,0,1,0,0,0,0,16,0,1000,0
14.0,0,0,0,0,0,0,0,0,0,0,0,1,0,0,0,0,16,0,1000,0
14.0,0,0,0,0,0,0,0,0,0,0,0,1,0,0,0,0,8,0,512,0
13.3,0,0,0,0,0,0,0,0,0,0,0,1,0,0,0,0,8,0,512,0
14.0,0,0,0,0,0,0,0,0,0,1,0,0,0,0,0,0,4,0,256,0
14.0,0,0,0,0,0,0,0,0,0,0,1,0,0,0,0,0,8,0,256,0
15.6,1,0,0,0,0,0,0,0,0,0,0,0,0,0,0,0,4,0,512,0
14.0,0,0,0,0,0,0,0,0,0,0,1,0,0,0,0,0,8,0,512,0
15.6,0,0,0,0,0,0,0,0,0,0,0,1,0,0,0,0,8,0,512,0
13.5,0,0,0,0,0,0,0,0,0,0,1,0,0,0,0,0,8,0,256,0
16.0,0,0,0,0,0,0,0,0,0,0,0,1,0,0,0,0,16,0,256,0
15.6,0,0,0,0,0,0,0,0,0,1,0,0,0,0,0,0,4,0,128,0
13.3,0,0,0,0,0,0,0,0,0,0,0,1,0,0,0,0,16,0,1000,0
15.6,0,0,1,0,0,0,0,0,0,0,0,0,0,0,0,0,8,0,512,0
15.6,0,0,0,0,0,0,0,0,0,0,1,0,0,0,0,0,8,0,256,0
14.0,0,0,0,0,0,0,0,0,0,0,0,1,0,0,0,0,16,0,256,0
15.6,0,0,0,0,0,0,0,0,0,0,1,0,0,0,0,0,8,0,512,0
14.0,0,0,0,0,0,0,0,0,0,0,0,1,0,0,0,0,8,0,512,0
14.0,0,0,0,0,0,0,0,0,0,0,1,0,0,0,0,0,8,0,512,0
14.0,0,0,0,0,0,0,0,0,0,0,0,1,0,0,0,0,8,0,512,0
14.0,0,0,0,0,0,0,0,0,0,0,1,0,0,0,0,0,8,0,512,0
16.0,0,0,0,0,0,0,0,0,0,0,0,1,0,0,0,0,16,0,512,0
15.6,1,0,0,0,0,0,0,0,0,0,0,0,0,0,0,0,8,0,512,0
15.6,0,0,0,0,0,0,0,0,0,1,0,0,0,0,0,0,4,0,512,0
15.6,0,0,0,0,0,0,0,0,0,0,1,0,0,0,0,0,8,0,512,0
14.0,0,0,0,0,0,0,0,0,0,1,0,0,0,0,0,0,8,0,512,0
14.0,0,0,0,0,0,0,0,0,0,1,0,0,0,0,0,0,8,0,512,0
15.6,0,0,0,0,0,0,0,0,0,0,1,0,0,0,0,0,16,0,512,0
14.0,0,0,0,0,0,0,0,0,0,1,0,0,0,0,0,0,4,0,128,0
15.6,0,0,0,0,0,0,0,0,0,0,0,1,0,0,0,0,16,0,512,0
14.0,0,1,0,0,0,0,0,0,0,0,0,0,0,0,0,0,4,0,256,0
16.0,0,0,0,0,0,0,0,0,0,0,0,1,0,0,0,0,16,0,512,0
14.0,0,0,0,0,0,0,0,0,0,0,1,0,0,0,0,0,8,0,256,0
15.6,0,0,0,0,0,0,0,0,0,0,1,0,0,0,0,0,8,0,512,0
16.1,0,0,0,0,0,0,0,0,0,0,1,0,0,0,0,0,8,0,512,0
14.0,0,0,0,0,0,0,0,0,0,0,1,0,0,0,0,0,8,0,512,0
14.0,0,0,0,0,0,0,0,0,0,0,0,1,0,0,0,0,8,0,256,0
13.3,0,0,0,0,0,0,0,0,0,0,1,0,0,0,0,0,8,0,512,0
12.3,0,0,0,0,0,0,0,0,0,0,1,0,0,0,0,0,8,0,256,0
14.0,0,0,0,0,0,0,0,0,0,0,1,0,0,0,0,0,8,0,512,0
15.6,0,0,0,0,0,0,0,0,0,0,1,0,0,0,0,0,8,0,512,0
15.6,0,1,0,0,0,0,0,0,0,0,0,0,0,0,0,0,8,0,512,0
15.6,0,0,0,0,0,0,0,0,0,1,0,0,0,0,0,0,8,0,256,0
14.0,0,1,0,0,0,0,0,0,0,0,0,0,0,0,0,0,8,0,512,0
14.0,0,0,0,0,0,0,0,0,0,0,1,0,0,0,0,0,8,0,256,0
13.3,0,0,1,0,0,0,0,0,0,0,0,0,0,0,0,0,8,0,256,0
15.6,0,0,0,0,0,0,0,0,0,0,0,0,0,0,0,1,4,0,256,0
15.6,0,0,0,0,0,0,0,0,0,1,0,0,0,0,0,0,4,0,512,0
15.6,0,0,0,0,0,0,0,0,0,0,1,0,0,0,0,0,8,0,512,0
15.6,0,0,0,0,0,0,0,0,0,0,1,0,0,0,0,0,8,0,512,0
14.0,0,0,0,0,0,0,0,0,0,0,1,0,0,0,0,0,4,1000,0,0
17.0,0,0,0,0,0,0,0,0,0,0,0,1,0,0,0,0,16,0,1000,0
17.0,0,0,0,0,0,0,0,0,0,0,0,1,0,0,0,0,16,0,512,0
14.0,0,0,0,0,0,0,0,0,0,0,1,0,0,0,0,0,4,0,256,0
15.6,0,0,0,0,0,0,0,0,0,0,1,0,0,0,0,0,8,0,512,0
15.6,0,1,0,0,0,0,0,0,0,0,0,0,0,0,0,0,8,0,512,0
15.6,0,0,0,0,0,0,0,0,0,1,0,0,0,0,0,0,4,0,256,0
14.0,0,0,0,0,0,0,0,0,0,0,1,0,0,0,0,0,8,0,256,0
15.6,0,1,0,0,0,0,0,0,0,0,0,0,0,0,0,0,8,0,256,0
12.3,0,0,0,0,0,0,0,0,0,0,0,1,0,0,0,0,8,0,256,0
14.0,0,0,0,0,0,0,0,0,0,1,0,0,0,0,0,0,8,0,256,0
14.0,0,0,0,0,0,0,0,0,0,1,0,0,0,0,0,0,8,0,256,0
13.3,0,0,0,0,0,0,0,0,0,0,1,0,0,0,0,0,8,0,256,0
14.0,0,0,0,0,0,0,0,0,0,0,1,0,0,0,0,0,8,0,256,0
15.6,0,0,0,0,0,0,0,0,0,0,1,0,0,0,0,0,8,0,512,0
12.3,0,0,0,0,0,0,0,0,0,0,1,0,0,0,0,0,8,0,256,0
14.0,0,0,0,0,0,0,0,0,0,0,1,0,0,0,0,0,8,0,512,0
14.0,0,0,0,0,0,0,0,0,0,0,1,0,0,0,0,0,4,0,256,0
14.0,0,0,0,0,0,0,0,0,0,1,0,0,0,0,0,0,4,0,256,0
14.0,0,0,0,0,0,0,0,0,0,0,1,0,0,0,0,0,8,0,512,0
15.6,0,0,0,0,0,0,0,0,0,0,1,0,0,0,0,0,8,0,512,0
15.6,0,0,0,0,0,0,0,0,0,1,0,0,0,0,0,0,8,0,512,0
15.6,0,0,0,0,0,0,0,0,0,0,1,0,0,0,0,0,8,0,512,0
15.6,0,0,0,0,0,0,0,0,0,0,1,0,0,0,0,0,8,0,512,0
15.6,0,0,0,0,0,0,0,0,0,0,0,1,0,0,0,0,8,0,512,0
15.6,0,0,1,0,0,0,0,0,0,0,0,0,0,0,0,0,8,0,512,0
14.0,0,0,0,0,0,0,0,0,0,1,0,0,0,0,0,0,8,0,512,0
13.3,0,0,0,0,0,0,0,0,0,0,1,0,0,0,0,0,4,0,512,0
15.6,0,0,0,0,0,0,0,0,0,0,0,1,0,0,0,0,8,1000,256,0
15.6,0,0,0,0,0,0,0,0,0,0,1,0,0,0,0,0,8,0,256,0
15.6,0,0,0,0,0,0,0,0,0,0,0,1,0,0,0,0,8,0,512,0
14.0,0,0,0,0,0,0,0,0,0,0,0,1,0,0,0,0,8,0,512,0
14.0,1,0,0,0,0,0,0,0,0,0,0,0,0,0,0,0,4,0,512,0
14.0,0,0,0,0,0,0,0,0,0,0,0,1,0,0,0,0,16,0,1000,0
14.0,0,0,0,0,0,0,0,0,0,0,1,0,0,0,0,0,16,0,512,0
13.3,0,0,0,0,0,0,0,0,0,0,1,0,0,0,0,0,8,0,256,0
14.0,0,0,0,0,0,0,0,0,0,0,1,0,0,0,0,0,8,0,256,0
14.0,0,0,0,0,0,0,0,0,0,0,0,1,0,0,0,0,8,0,512,0
15.6,0,0,0,0,0,0,0,0,0,0,1,0,0,0,0,0,8,0,512,0
14.0,0,0,0,0,0,0,0,0,0,0,1,0,0,0,0,0,8,0,512,0
15.6,0,0,0,0,0,0,0,0,0,0,1,0,0,0,0,0,8,0,512,0
15.6,0,0,0,0,1,0,0,0,0,0,0,0,0,0,0,0,8,0,256,0
14.0,0,0,0,0,0,0,0,0,0,0,1,0,0,0,0,0,8,0,512,0
15.6,0,0,0,0,0,0,0,0,0,0,1,0,0,0,0,0,8,0,512,0
15.6,0,1,0,0,0,0,0,0,0,0,0,0,0,0,0,0,8,0,512,0
15.6,0,0,0,0,0,0,0,0,0,0,1,0,0,0,0,0,16,0,512,0
14.0,0,0,0,0,0,0,0,0,0,0,1,0,0,0,0,0,8,0,256,0
13.5,0,0,0,0,0,0,0,0,0,0,1,0,0,0,0,0,8,0,128,0
14.0,0,0,0,0,0,0,0,0,0,0,1,0,0,0,0,0,4,0,256,0
15.6,0,0,0,0,0,0,0,0,0,0,1,0,0,0,0,0,8,0,512,0
14.0,0,0,0,0,0,0,0,0,0,0,1,0,0,0,0,0,8,0,256,0
14.0,0,0,0,0,0,0,0,0,0,0,1,0,0,0,0,0,8,0,512,0
15.6,0,0,0,0,0,0,0,0,0,0,1,0,0,0,0,0,8,0,256,0
15.6,0,0,0,0,0,0,0,0,0,0,1,0,0,0,0,0,12,0,512,0
14.0,0,0,0,0,0,0,0,0,0,0,0,1,0,0,0,0,16,0,512,0
15.6,0,0,0,0,0,0,0,0,0,0,1,0,0,0,0,0,4,0,256,0
14.0,0,0,0,0,0,0,0,0,0,0,1,0,0,0,0,0,8,0,256,0
15.6,0,0,0,0,0,0,0,0,0,0,1,0,0,0,0,0,8,0,512,0
14.0,0,0,0,0,0,0,0,0,0,0,1,0,0,0,0,0,8,0,256,0
14.0,1,0,0,0,0,0,0,0,0,0,0,0,0,0,0,0,4,0,256,0
15.6,0,0,0,0,0,0,0,0,0,1,0,0,0,0,0,0,8,0,256,0
15.6,0,0,0,0,0,0,0,0,0,1,0,0,0,0,0,0,8,0,512,0
14.0,0,0,0,0,0,0,0,0,0,0,1,0,0,0,0,0,8,0,512,0
14.0,0,0,0,0,0,0,0,0,0,1,0,0,0,0,0,0,4,0,512,0
15.6,0,0,1,0,0,0,0,0,0,0,0,0,0,0,0,0,8,0,512,0
15.6,0,0,0,0,0,0,0,0,0,0,1,0,0,0,0,0,16,0,512,0
13.3,0,0,0,0,0,0,0,0,0,0,0,1,0,0,0,0,16,0,512,0
15.6,0,0,0,0,1,0,0,0,0,0,0,0,0,0,0,0,4,0,256,0
14.0,0,0,0,0,0,0,0,0,0,0,0,1,0,0,0,0,16,0,512,0
14.0,0,0,0,0,0,0,0,0,0,0,1,0,0,0,0,0,8,0,512,0
15.6,0,0,0,0,0,0,0,0,0,0,0,1,0,0,0,0,8,0,512,0
14.0,0,0,0,0,0,0,0,0,0,0,1,0,0,0,0,0,8,0,512,0
14.0,0,0,0,0,0,0,0,0,0,0,1,0,0,0,0,0,8,0,512,0
15.6,0,0,0,0,0,0,0,0,0,0,1,0,0,0,0,0,8,0,512,0
14.0,0,0,0,0,0,0,0,0,0,1,0,0,0,0,0,0,4,0,256,0
15.6,0,0,0,0,0,0,0,0,0,0,1,0,0,0,0,0,8,0,512,0
14.0,0,0,0,0,0,0,0,0,0,0,0,1,0,0,0,0,8,0,512,0
14.0,0,0,0,0,0,0,0,0,0,0,1,0,0,0,0,0,8,0,512,0
13.3,0,0,0,0,0,0,0,1,0,0,0,0,0,0,0,0,8,0,256,0
14.0,0,0,0,0,0,0,0,0,0,0,1,0,0,0,0,0,8,0,512,0
15.6,0,0,0,0,0,0,0,0,0,0,1,0,0,0,0,0,8,0,512,0
14.0,0,0,1,0,0,0,0,0,0,0,0,0,0,0,0,0,16,0,1000,0
16.1,0,0,0,0,0,0,0,0,0,0,0,1,0,0,0,0,8,0,512,0
14.0,0,0,0,0,0,0,0,0,0,0,1,0,0,0,0,0,4,0,256,0
14.0,0,0,0,0,0,0,0,0,0,1,0,0,0,0,0,0,4,0,256,0
14.0,0,0,0,0,0,0,0,0,0,0,1,0,0,0,0,0,8,0,512,0
14.0,0,0,0,0,0,0,0,0,0,0,1,0,0,0,0,0,8,0,512,0
15.6,0,0,0,0,0,0,0,0,0,0,0,1,0,0,0,0,8,0,512,0
14.0,0,0,0,0,0,0,0,0,0,1,0,0,0,0,0,0,4,0,512,0
14.0,0,0,0,0,0,0,0,0,0,0,0,1,0,0,0,0,8,0,512,0
13.4,0,0,0,0,0,0,0,0,0,0,1,0,0,0,0,0,8,0,512,0
17.3,0,0,0,0,0,0,0,0,0,0,0,1,0,0,0,0,8,0,512,0
14.0,0,0,0,0,0,0,0,0,0,1,0,0,0,0,0,0,4,0,512,0
14.0,0,0,0,0,0,0,0,0,0,1,0,0,0,0,0,0,4,0,512,0
13.3,0,0,0,0,0,0,0,0,0,0,1,0,0,0,0,0,8,0,256,0
14.0,0,0,0,0,0,0,0,0,0,1,0,0,0,0,0,0,4,0,256,0
14.1,0,0,0,0,0,0,0,0,0,1,0,0,0,0,0,0,8,0,256,0
15.6,1,0,0,0,0,0,0,0,0,0,0,0,0,0,0,0,4,0,512,0
14.0,0,0,0,0,0,0,0,0,0,0,0,1,0,0,0,0,8,0,512,0
14.0,0,0,0,0,0,0,0,0,0,0,1,0,0,0,0,0,16,0,512,0
13.3,0,0,0,0,0,0,0,0,0,0,1,0,0,0,0,0,8,0,256,0
14.0,0,0,0,0,0,0,0,0,0,0,0,1,0,0,0,0,16,0,512,0
14.1,0,0,0,0,0,0,0,0,0,0,0,1,0,0,0,0,8,0,512,0
14.0,0,0,0,0,0,0,0,0,0,0,1,0,0,0,0,0,8,0,512,0
14.0,0,0,0,0,0,0,0,0,0,1,0,0,0,0,0,0,4,0,256,0
14.0,0,0,0,0,0,0,0,0,0,1,0,0,0,0,0,0,8,0,512,0
15.6,0,1,0,0,0,0,0,0,0,0,0,0,0,0,0,0,8,0,512,0
15.6,0,0,1,0,0,0,0,0,0,0,0,0,0,0,0,0,8,0,512,0
15.6,0,0,0,0,0,0,0,0,0,0,1,0,0,0,0,0,8,0,512,0
14.0,0,0,0,0,0,0,0,0,0,0,0,1,0,0,0,0,8,0,256,0
15.6,0,0,0,0,0,0,0,0,0,0,1,0,0,0,0,0,8,0,512,0
14.0,0,0,0,0,0,0,0,0,0,0,1,0,0,0,0,0,8,0,512,0
14.0,0,1,0,0,0,0,0,0,0,0,0,0,0,0,0,0,8,0,512,0
14.0,0,0,0,0,0,0,0,1,0,0,0,0,0,0,0,0,8,0,256,0
14.0,0,0,0,0,0,0,0,0,0,0,1,0,0,0,0,0,4,0,512,0
14.0,0,0,0,0,0,0,0,0,0,1,0,0,0,0,0,0,8,0,256,0
14.0,0,0,0,0,0,0,0,0,0,1,0,0,0,0,0,0,4,0,256,0
13.0,0,0,0,0,0,0,0,1,0,0,0,0,0,0,0,0,8,0,256,0
14.0,0,0,0,0,0,0,0,0,0,0,1,0,0,0,0,0,8,0,512,0
14.0,0,0,0,0,0,0,0,0,0,0,1,0,0,0,0,0,8,0,256,0
14.0,0,0,0,0,0,0,0,0,0,1,0,0,0,0,0,0,4,0,512,0
14.0,0,0,0,0,0,0,0,0,0,0,1,0,0,0,0,0,8,0,1000,0
15.6,0,0,1,0,0,0,0,0,0,0,0,0,0,0,0,0,8,0,512,0
14.0,0,0,0,0,0,0,0,0,0,1,0,0,0,0,0,0,8,0,256,0
14.0,0,0,0,0,0,0,0,0,0,0,1,0,0,0,0,0,8,0,512,0
14.0,0,0,0,0,0,0,0,0,0,1,0,0,0,0,0,0,4,0,512,0
14.0,0,0,0,0,0,0,0,0,0,0,0,1,0,0,0,0,8,0,512,0
14.0,0,0,0,0,0,0,0,0,0,1,0,0,0,0,0,0,4,0,256,0
13.3,0,0,0,0,0,0,0,0,0,0,0,1,0,0,0,0,8,0,512,0
14.0,0,0,0,0,0,0,0,0,0,1,0,0,0,0,0,0,4,0,256,0
14.0,0,0,0,0,0,0,0,0,0,1,0,0,0,0,0,0,4,0,256,0
15.6,0,0,0,0,0,0,0,0,0,1,0,0,0,0,0,0,4,0,256,0
15.6,0,0,0,0,0,0,0,0,0,0,1,0,0,0,0,0,4,0,256,0
14.0,0,0,0,0,0,0,0,0,0,0,1,0,0,0,0,0,8,0,512,0
14.0,0,0,0,0,0,0,0,0,0,0,1,0,0,0,0,0,16,0,256,0
14.0,0,0,0,0,0,0,0,0,0,1,0,0,0,0,0,0,8,0,256,0
14.0,0,0,0,0,0,0,0,0,0,0,1,0,0,0,0,0,8,0,512,0
16.1,0,1,0,0,0,0,0,0,0,0,0,0,0,0,0,0,8,0,512,0
15.6,0,0,0,0,0,0,0,0,0,0,0,1,0,0,0,0,8,0,512,0
14.0,0,0,0,0,0,0,0,0,0,0,1,0,0,0,0,0,4,0,256,0
14.0,0,0,0,0,0,0,0,0,0,0,1,0,0,0,0,0,4,0,256,0
15.6,0,0,0,0,0,0,0,0,0,0,0,1,0,0,0,0,8,0,512,0
16.1,0,0,0,0,0,0,0,0,0,0,1,0,0,0,0,0,8,0,512,0
13.3,0,0,0,0,0,0,0,0,0,0,1,0,0,0,0,0,8,0,512,0
14.0,0,0,0,0,0,0,0,0,0,0,1,0,0,0,0,0,8,0,512,0
15.6,0,0,0,0,0,0,0,0,0,0,1,0,0,0,0,0,16,0,512,0
15.6,0,0,0,0,0,0,0,0,0,0,0,1,0,0,0,0,32,0,2000,0
14.0,0,0,0,0,0,0,0,0,0,0,1,0,0,0,0,0,8,0,512,0
15.6,0,0,0,0,0,0,0,0,0,0,1,0,0,0,0,0,8,0,512,0
15.6,0,0,0,0,0,0,0,0,0,0,1,0,0,0,0,0,4,0,512,0
16.1,0,0,0,0,0,0,0,0,0,0,0,1,0,0,0,0,8,0,512,0
15.6,0,0,0,0,0,0,0,0,0,0,0,1,0,0,0,0,8,0,512,0
14.0,0,0,0,0,0,0,0,0,0,1,0,0,0,0,0,0,8,0,256,0
15.6,0,0,0,0,0,0,0,0,0,0,1,0,0,0,0,0,8,0,512,0
15.6,0,0,0,0,0,0,0,0,0,0,1,0,0,0,0,0,16,0,512,0
15.6,0,0,0,0,0,0,0,0,0,1,0,0,0,0,0,0,4,0,512,0
12.4,0,0,0,0,0,0,0,0,0,0,1,0,0,0,0,0,8,0,128,0
14.0,0,0,0,0,0,0,0,0,0,0,0,1,0,0,0,0,8,0,512,0
15.6,0,0,0,0,0,0,0,0,0,0,1,0,0,0,0,0,8,0,512,0
14.0,0,0,0,0,0,0,0,0,0,0,1,0,0,0,0,0,8,0,512,0
14.0,0,0,0,0,0,0,0,0,0,0,1,0,0,0,0,0,4,0,256,0
14.0,0,0,0,0,0,0,0,0,0,0,0,0,0,0,0,1,4,0,256,0
14.0,0,0,1,0,0,0,0,0,0,0,0,0,0,0,0,0,8,0,512,0
15.6,0,0,0,0,0,0,0,0,0,0,0,1,0,0,0,0,16,0,2000,0
14.0,0,0,0,0,0,0,0,1,0,0,0,0,0,0,0,0,4,0,256,0
16.1,0,0,0,0,0,0,0,0,0,0,1,0,0,0,0,0,16,0,512,0
14.0,0,0,0,0,0,0,0,0,0,0,1,0,0,0,0,0,8,0,1000,0
15.6,0,0,0,0,0,0,0,0,0,0,1,0,0,0,0,0,8,0,512,0
15.6,0,0,0,0,0,0,0,0,0,0,1,0,0,0,0,0,8,0,512,0
15.6,0,0,0,0,0,0,0,0,0,0,1,0,0,0,0,0,8,0,256,0
15.6,0,0,1,0,0,0,0,0,0,0,0,0,0,0,0,0,8,0,512,0
15.6,0,0,0,0,0,0,0,0,0,1,0,0,0,0,0,0,4,0,256,0
14.0,0,0,0,0,0,0,0,0,0,0,0,1,0,0,0,0,4,0,256,0
15.6,0,0,0,0,0,0,0,0,0,0,1,0,0,0,0,0,8,0,512,0
14.0,0,0,0,0,0,0,0,0,0,0,1,0,0,0,0,0,8,0,512,0
16.1,0,0,1,0,0,0,0,0,0,0,0,0,0,0,0,0,8,0,512,0
14.0,0,0,0,0,0,0,0,0,0,1,0,0,0,0,0,0,4,0,512,0
15.6,0,0,0,0,0,0,0,0,0,0,1,0,0,0,0,0,4,0,256,0
15.6,0,1,0,0,0,0,0,0,0,0,0,0,0,0,0,0,8,0,512,0
15.6,0,0,0,0,0,0,0,0,0,0,1,0,0,0,0,0,8,0,512,0
16.1,0,1,0,0,0,0,0,0,0,0,0,0,0,0,0,0,8,0,512,0
15.6,0,1,0,0,0,0,0,0,0,0,0,0,0,0,0,0,8,0,512,0
16.1,0,1,0,0,0,0,0,0,0,0,0,0,0,0,0,0,8,0,512,0
14.0,0,0,1,0,0,0,0,0,0,0,0,0,0,0,0,0,8,0,512,0
15.6,0,0,0,0,0,0,0,0,0,0,1,0,0,0,0,0,8,0,512,0
15.6,0,0,0,0,0,0,0,0,0,0,1,0,0,0,0,0,8,0,512,0
15.6,0,0,0,0,0,0,0,0,0,0,1,0,0,0,0,0,8,0,512,0
15.6,0,0,0,0,0,0,0,0,0,0,1,0,0,0,0,0,8,0,512,0
15.6,0,0,0,0,0,0,0,0,0,0,1,0,0,0,0,0,8,0,512,0
14.0,0,0,0,0,0,0,0,0,0,1,0,0,0,0,0,0,8,0,512,0
13.3,0,0,0,0,0,0,0,0,0,0,1,0,0,0,0,0,8,0,512,0
15.6,0,0,0,0,0,0,0,0,0,0,1,0,0,0,0,0,8,0,512,0
13.3,0,0,0,0,0,0,0,0,0,0,1,0,0,0,0,0,8,0,512,0
14.0,0,1,0,0,0,0,0,0,0,0,0,0,0,0,0,0,8,0,512,0
15.6,0,0,0,0,0,0,0,0,0,0,0,1,0,0,0,0,32,0,1000,0
14.0,0,0,0,0,0,0,0,0,0,1,0,0,0,0,0,0,8,0,512,0
11.6,0,0,0,0,0,0,0,1,0,0,0,0,0,0,0,0,4,0,0,64
12.3,0,0,0,0,0,0,0,0,0,0,1,0,0,0,0,0,8,0,128,0
15.6,0,1,0,0,0,0,0,0,0,0,0,0,0,0,0,0,8,0,256,0
15.6,0,1,0,0,0,0,0,0,0,0,0,0,0,0,0,0,8,0,512,0
15.6,0,0,0,0,0,0,0,1,0,0,0,0,0,0,0,0,4,0,128,0
15.6,0,0,0,0,0,0,0,0,0,0,1,0,0,0,0,0,8,0,512,0
15.6,0,1,0,0,0,0,0,0,0,0,0,0,0,0,0,0,8,0,512,0
14.0,0,0,0,0,0,0,0,1,0,0,0,0,0,0,0,0,4,0,128,0
14.0,0,0,0,0,0,0,0,1,0,0,0,0,0,0,0,0,8,0,256,0
15.6,0,0,0,0,0,0,0,0,0,1,0,0,0,0,0,0,4,0,512,0
14.0,0,0,0,0,0,0,0,0,0,0,1,0,0,0,0,0,8,0,512,0
15.6,0,0,0,0,0,0,0,0,0,0,1,0,0,0,0,0,8,0,512,0
15.6,0,0,0,0,0,0,0,0,0,0,1,0,0,0,0,0,8,0,512,0
12.4,0,0,0,0,0,0,0,0,0,0,1,0,0,0,0,0,8,0,128,0
16.2,0,0,0,0,1,0,0,0,0,0,0,0,0,0,0,0,32,0,512,0
16.2,0,0,0,0,1,0,0,0,0,0,0,0,0,0,0,0,16,0,512,0
14.2,0,0,0,0,1,0,0,0,0,0,0,0,0,0,0,0,32,0,512,0
14.2,0,0,0,0,1,0,0,0,0,0,0,0,0,0,0,0,16,0,512,0
13.3,0,0,0,0,1,0,0,0,0,0,0,0,0,0,0,0,16,0,512,0
13.4,0,0,0,0,0,0,0,0,0,0,1,0,0,0,0,0,8,0,512,0
13.4,0,0,0,0,0,0,0,0,0,0,1,0,0,0,0,0,8,0,512,0
13.0,0,0,0,0,0,0,0,0,0,0,1,0,0,0,0,0,8,0,256,0
12.3,0,0,0,0,0,0,0,0,0,0,0,1,0,0,0,0,16,0,256,0
13.4,0,0,0,0,0,0,0,0,0,0,0,1,0,0,0,0,16,0,1000,0
15.6,0,0,0,0,0,0,0,0,0,0,0,1,0,0,0,0,16,0,512,0
15.6,0,0,1,0,0,0,0,0,0,0,0,0,0,0,0,0,16,0,512,0
14.0,0,0,0,0,0,0,0,0,0,0,1,0,0,0,0,0,8,0,512,0
14.0,0,0,1,0,0,0,0,0,0,0,0,0,0,0,0,0,16,0,1000,0
15.6,0,0,0,0,0,0,0,0,0,0,0,1,0,0,0,0,8,0,512,0
14.0,0,0,0,0,0,0,0,0,0,0,1,0,0,0,0,0,8,0,512,0
15.6,0,0,1,0,0,0,0,0,0,0,0,0,0,0,0,0,16,0,512,0
13.3,0,0,0,0,1,0,0,0,0,0,0,0,0,0,0,0,8,0,256,0
16.0,0,1,0,0,0,0,0,0,0,0,0,0,0,0,0,0,16,0,512,0
13.3,0,0,0,0,0,0,0,0,0,0,0,1,0,0,0,0,8,0,512,0
14.0,0,0,0,0,0,0,0,0,0,0,0,1,0,0,0,0,16,0,512,0
16.1,0,0,0,0,0,0,0,0,0,0,0,1,0,0,0,0,8,0,512,0
16.1,0,0,0,0,0,0,0,0,0,0,0,0,1,0,0,0,8,0,512,0
15.6,0,0,1,0,0,0,0,0,0,0,0,0,0,0,0,0,8,0,512,0
13.3,0,0,0,0,0,0,0,0,0,0,0,1,0,0,0,0,16,0,512,0
15.6,0,0,0,0,0,0,0,0,0,0,0,1,0,0,0,0,8,0,512,0
15.6,0,0,1,0,0,0,0,0,0,0,0,0,0,0,0,0,8,0,512,0
13.3,0,0,0,0,0,0,0,0,0,0,0,1,0,0,0,0,8,0,512,0
15.6,0,0,1,0,0,0,0,0,0,0,0,0,0,0,0,0,8,0,512,0
15.6,0,0,0,0,0,0,0,0,0,0,0,1,0,0,0,0,8,0,512,0
15.6,0,0,0,0,0,0,0,0,0,0,0,1,0,0,0,0,8,0,512,0
17.3,0,0,1,0,0,0,0,0,0,0,0,0,0,0,0,0,8,0,512,0
17.3,0,0,0,0,0,0,0,0,0,0,0,1,0,0,0,0,8,0,512,0
15.6,0,0,0,0,0,0,0,0,0,0,0,1,0,0,0,0,8,0,512,0
16.1,0,0,1,0,0,0,0,0,0,0,0,0,0,0,0,0,8,0,512,0
15.6,0,1,0,0,0,0,0,0,0,0,0,0,0,0,0,0,16,0,512,0
15.6,0,0,0,0,0,0,0,0,0,0,1,0,0,0,0,0,16,0,512,0
16.1,0,0,0,0,0,0,0,0,0,0,1,0,0,0,0,0,16,0,512,0
15.6,0,0,0,0,0,0,0,0,0,0,1,0,0,0,0,0,8,0,256,0
14.0,0,0,0,0,0,0,0,0,0,0,0,1,0,0,0,0,16,0,512,0
15.6,0,0,0,0,0,0,0,0,0,0,0,1,0,0,0,0,8,0,512,0
16.1,0,0,0,0,0,0,0,0,0,0,1,0,0,0,0,0,8,0,512,0
15.6,0,0,0,0,0,0,0,0,0,0,0,1,0,0,0,0,8,0,512,0
13.3,0,0,0,0,0,0,0,0,0,0,1,0,0,0,0,0,8,0,512,0
15.6,0,0,0,0,0,0,0,0,0,0,1,0,0,0,0,0,8,0,512,0
13.3,0,0,0,0,0,0,0,0,0,0,1,0,0,0,0,0,8,0,512,0
14.0,0,1,0,0,0,0,0,0,0,0,0,0,0,0,0,0,8,0,512,0
14.0,0,0,0,0,0,0,0,0,0,0,1,0,0,0,0,0,8,0,256,0
13.3,0,1,0,0,0,0,0,0,0,0,0,0,0,0,0,0,8,0,256,0
15.6,0,1,0,0,0,0,0,0,0,0,0,0,0,0,0,0,8,0,512,0
15.6,0,0,0,0,0,0,0,0,0,0,1,0,0,0,0,0,8,0,512,0
13.3,0,0,0,0,1,0,0,0,0,0,0,0,0,0,0,0,8,0,256,0
14.0,0,0,1,0,0,0,0,0,0,0,0,0,0,0,0,0,8,0,512,0
15.6,0,0,0,0,0,0,0,0,0,0,1,0,0,0,0,0,16,0,512,0
13.3,0,0,0,0,0,0,0,0,0,0,1,0,0,0,0,0,8,0,256,0
14.0,0,0,0,0,0,0,0,0,0,0,1,0,0,0,0,0,16,0,512,0
15.6,0,0,0,0,0,0,0,0,0,0,0,1,0,0,0,0,8,0,512,0
15.6,0,0,0,0,0,0,0,0,0,0,0,1,0,0,0,0,8,0,512,0
15.6,0,0,0,0,0,0,0,0,0,0,1,0,0,0,0,0,8,0,512,0
15.6,0,0,1,0,0,0,0,0,0,0,0,0,0,0,0,0,8,0,512,0
15.6,0,0,0,0,0,0,0,0,0,0,1,0,0,0,0,0,8,0,512,0
14.0,0,0,0,0,0,0,0,0,0,0,1,0,0,0,0,0,8,0,512,0
15.6,0,0,1,0,0,0,0,0,0,0,0,0,0,0,0,0,8,0,512,0
14.0,0,0,0,0,0,0,0,0,0,0,1,0,0,0,0,0,8,0,512,0
13.3,0,0,0,0,0,0,0,0,0,0,1,0,0,0,0,0,8,0,512,0
16.1,0,1,0,0,0,0,0,0,0,0,0,0,0,0,0,0,8,0,512,0
13.3,0,0,0,0,0,0,0,0,0,0,1,0,0,0,0,0,8,0,256,0
15.6,0,0,0,0,0,0,0,0,0,0,1,0,0,0,0,0,8,0,512,0
14.0,0,0,1,0,0,0,0,0,0,0,0,0,0,0,0,0,8,0,512,0
15.6,0,1,0,0,0,0,0,0,0,0,0,0,0,0,0,0,8,0,512,0
14.0,0,0,1,0,0,0,0,0,0,0,0,0,0,0,0,0,8,0,512,0
14.0,0,0,0,0,0,0,0,0,0,0,1,0,0,0,0,0,16,0,512,0
14.0,0,0,0,0,0,0,0,0,0,0,1,0,0,0,0,0,8,0,512,0
15.6,0,0,0,0,0,0,0,0,0,0,0,1,0,0,0,0,8,0,512,0
15.6,0,0,0,0,0,0,0,0,0,0,1,0,0,0,0,0,8,0,512,0
15.6,0,0,0,0,0,0,0,0,0,0,1,0,0,0,0,0,8,0,512,0
14.0,0,0,0,0,0,0,0,0,0,0,1,0,0,0,0,0,8,0,256,0
14.0,0,1,0,0,0,0,0,0,0,0,0,0,0,0,0,0,8,0,256,0
15.6,0,1,0,0,0,0,0,0,0,0,0,0,0,0,0,0,8,0,512,0
14.0,0,0,0,0,0,0,0,0,0,0,0,1,0,0,0,0,8,0,512,0
14.0,0,0,0,0,0,0,0,0,0,0,1,0,0,0,0,0,8,0,512,0
14.0,0,1,0,0,0,0,0,0,0,0,0,0,0,0,0,0,16,0,512,0
14.0,0,1,0,0,0,0,0,0,0,0,0,0,0,0,0,0,8,0,512,0
15.6,0,0,0,0,0,0,0,0,0,0,1,0,0,0,0,0,4,0,512,0
14.0,0,0,0,0,0,0,0,0,0,0,1,0,0,0,0,0,8,0,512,0
15.6,0,0,0,0,0,0,0,0,0,0,1,0,0,0,0,0,8,0,512,0
15.6,0,0,0,0,0,0,0,0,0,0,1,0,0,0,0,0,8,0,512,0
15.6,0,1,0,0,0,0,0,0,0,0,0,0,0,0,0,0,8,0,256,0
14.0,0,0,0,0,0,0,0,0,0,0,1,0,0,0,0,0,8,0,256,0
15.6,0,0,0,0,0,0,0,0,0,0,1,0,0,0,0,0,8,0,512,0
14.0,0,1,0,0,0,0,0,0,0,0,0,0,0,0,0,0,8,0,512,0
15.6,0,0,0,0,0,0,0,0,0,0,1,0,0,0,0,0,8,0,512,0
15.6,0,0,0,0,0,0,0,0,0,0,1,0,0,0,0,0,8,0,512,0
14.0,0,0,0,0,0,0,0,0,0,0,1,0,0,0,0,0,8,0,512,0
15.6,0,0,0,0,0,0,0,0,0,0,1,0,0,0,0,0,8,0,512,0
14.0,0,0,0,0,0,0,0,0,0,0,1,0,0,0,0,0,8,0,512,0
14.0,0,0,0,0,0,0,0,0,0,0,1,0,0,0,0,0,8,0,256,0
15.6,0,0,0,0,0,0,0,0,0,0,1,0,0,0,0,0,8,0,512,0
15.6,0,0,1,0,0,0,0,0,0,0,0,0,0,0,0,0,8,0,512,0
15.6,0,1,0,0,0,0,0,0,0,0,0,0,0,0,0,0,8,0,256,0
15.6,0,0,0,0,0,0,0,0,0,0,1,0,0,0,0,0,8,0,512,0
14.0,0,0,0,0,0,0,0,0,0,0,1,0,0,0,0,0,8,0,512,0
15.6,0,1,0,0,0,0,0,0,0,0,0,0,0,0,0,0,8,0,256,0
15.6,0,0,0,0,0,0,0,0,0,0,1,0,0,0,0,0,8,0,256,0
14.0,0,1,0,0,0,0,0,0,0,0,0,0,0,0,0,0,8,0,512,0
14.0,0,0,0,0,0,0,0,0,0,0,1,0,0,0,0,0,8,0,256,0
14.0,0,0,0,0,0,0,0,0,0,0,1,0,0,0,0,0,8,0,512,0
14.0,0,0,0,0,0,0,0,0,0,0,1,0,0,0,0,0,8,0,512,0
15.6,0,0,0,0,0,0,0,0,0,0,1,0,0,0,0,0,12,0,256,0
14.0,0,0,0,0,0,0,0,0,0,0,1,0,0,0,0,0,8,0,512,0
14.0,0,0,0,0,0,0,0,0,0,0,1,0,0,0,0,0,8,0,512,0
14.0,0,0,0,0,0,0,0,0,0,0,1,0,0,0,0,0,8,0,512,0
15.6,0,0,0,0,0,0,0,0,0,0,1,0,0,0,0,0,8,0,512,0
15.6,0,0,0,0,0,0,0,0,0,0,1,0,0,0,0,0,8,0,512,0
14.0,0,1,0,0,0,0,0,0,0,0,0,0,0,0,0,0,8,0,512,0
15.6,0,0,0,0,0,0,0,0,0,0,1,0,0,0,0,0,8,0,512,0
14.0,0,1,0,0,0,0,0,0,0,0,0,0,0,0,0,0,8,0,512,0
15.6,0,0,0,0,0,0,0,0,0,0,1,0,0,0,0,0,8,0,256,0
14.0,0,0,0,0,0,0,0,0,0,1,0,0,0,0,0,0,8,0,256,0
14.0,0,1,0,0,0,0,0,0,0,0,0,0,0,0,0,0,8,0,512,0
15.6,0,0,0,0,0,0,0,0,0,0,1,0,0,0,0,0,8,0,512,0
14.0,0,0,0,0,0,0,0,0,0,1,0,0,0,0,0,0,8,0,256,0
14.0,0,0,0,0,0,0,0,0,0,1,0,0,0,0,0,0,4,0,256,0
15.6,0,0,0,0,0,0,0,0,0,1,0,0,0,0,0,0,8,0,256,0
15.6,0,0,0,0,0,0,0,0,0,1,0,0,0,0,0,0,8,0,256,0
15.6,0,0,0,0,0,0,0,0,0,1,0,0,0,0,0,0,4,0,256,0
15.6,0,0,0,0,0,0,0,0,0,1,0,0,0,0,0,0,4,0,256,0
14.0,0,0,0,0,0,0,0,0,0,1,0,0,0,0,0,0,8,0,480,0
14.0,0,0,0,0,0,0,0,0,0,1,0,0,0,0,0,0,4,0,256,0
15.6,0,0,0,0,0,0,0,0,0,1,0,0,0,0,0,0,4,0,128,0
15.6,0,0,0,0,0,0,0,0,0,1,0,0,0,0,0,0,8,0,512,0
15.6,0,0,0,0,0,0,0,0,0,1,0,0,0,0,0,0,4,0,256,0
14.0,1,0,0,0,0,0,0,0,0,0,0,0,0,0,0,0,8,0,512,0
14.0,0,0,0,0,0,0,0,0,0,1,0,0,0,0,0,0,8,0,256,0
14.0,0,0,0,0,0,0,0,0,0,1,0,0,0,0,0,0,8,0,256,0
14.0,0,0,0,0,0,0,0,0,0,1,0,0,0,0,0,0,8,0,256,0
15.6,0,0,0,0,0,0,0,0,0,1,0,0,0,0,0,0,8,0,512,0
15.6,1,0,0,0,0,0,0,0,0,0,0,0,0,0,0,0,8,0,512,0
15.6,0,0,0,0,0,0,0,0,0,1,0,0,0,0,0,0,4,0,256,0
15.6,1,0,0,0,0,0,0,0,0,0,0,0,0,0,0,0,4,0,512,0
15.6,0,0,0,0,0,0,0,0,0,1,0,0,0,0,0,0,4,0,256,0
15.6,0,0,0,0,0,0,0,0,0,0,0,0,0,0,0,1,4,0,128,0
15.6,0,0,0,0,0,0,0,0,0,0,0,0,0,0,0,1,4,0,128,0
14.0,0,0,0,0,0,0,0,0,0,0,0,0,0,0,0,1,4,0,256,0
15.6,0,0,0,0,0,0,0,1,0,0,0,0,0,0,0,0,4,0,128,0
15.6,0,0,0,0,0,0,0,1,0,0,0,0,0,0,0,0,4,0,128,0
11.6,0,0,0,0,0,0,0,0,0,0,0,0,0,0,0,1,4,0,0,128
11.6,0,0,0,0,0,0,0,0,0,0,0,0,0,0,0,1,4,0,256,0
11.6,0,0,0,0,0,0,0,1,0,0,0,0,0,0,0,0,4,0,0,128
13.3,0,0,0,0,0,0,0,1,0,0,0,0,0,0,0,0,8,0,256,0
13.3,0,0,0,0,0,0,0,1,0,0,0,0,0,0,0,0,8,0,256,0
11.6,0,0,0,0,0,0,0,1,0,0,0,0,0,0,0,0,4,0,128,0
11.6,0,0,0,0,0,0,0,1,0,0,0,0,0,0,0,0,4,0,0,128
16.0,0,0,0,0,0,0,0,0,0,0,0,1,0,0,0,0,64,0,1000,0
15.6,0,0,0,1,0,0,0,0,0,0,0,0,0,0,0,0,16,0,1000,0
15.6,0,0,0,0,0,0,0,0,0,0,0,1,0,0,0,0,16,0,2000,0
15.6,0,0,0,0,0,0,0,0,0,0,0,1,0,0,0,0,16,0,512,0
16.1,0,0,0,0,0,0,0,0,0,0,1,0,0,0,0,0,16,0,1000,0
13.3,0,0,0,0,0,0,0,0,0,0,0,1,0,0,0,0,16,0,1000,0
13.3,0,0,0,0,0,0,0,0,0,0,0,1,0,0,0,0,16,0,1000,0
15.6,0,0,0,0,0,0,0,0,0,0,0,1,0,0,0,0,16,0,512,0
15.6,0,0,0,0,0,0,0,0,0,0,0,1,0,0,0,0,16,0,512,0
15.6,0,0,0,0,0,0,0,0,0,0,0,1,0,0,0,0,16,0,512,0
17.3,0,0,1,0,0,0,0,0,0,0,0,0,0,0,0,0,8,0,512,0
15.6,0,0,0,0,0,0,0,0,0,0,1,0,0,0,0,0,8,0,512,0
13.3,0,0,1,0,0,0,0,0,0,0,0,0,0,0,0,0,8,0,256,0
16.1,0,0,0,0,0,0,0,0,0,0,0,1,0,0,0,0,8,0,512,0
16.1,0,0,0,0,0,0,0,0,0,0,0,1,0,0,0,0,8,0,512,0
12.3,0,0,0,0,0,0,0,0,0,0,1,0,0,0,0,0,8,0,128,0
15.6,0,0,0,0,0,0,0,0,0,0,1,0,0,0,0,0,16,0,512,0
15.6,0,0,0,0,0,0,0,0,0,0,0,1,0,0,0,0,8,0,512,0
15.6,0,0,0,0,0,0,0,0,0,0,0,1,0,0,0,0,8,0,512,0
13.3,0,0,1,0,0,0,0,0,0,0,0,0,0,0,0,0,8,0,256,0
16.0,0,0,1,0,0,0,0,0,0,0,0,0,0,0,0,0,16,0,512,0
14.0,0,0,0,0,0,0,0,0,0,0,0,1,0,0,0,0,8,0,512,0
15.6,0,0,1,0,0,0,0,0,0,0,0,0,0,0,0,0,8,0,512,0
15.6,0,0,1,0,0,0,0,0,0,0,0,0,0,0,0,0,16,0,512,0
14.0,0,0,0,0,0,0,0,0,0,0,1,0,0,0,0,0,8,0,512,0
16.0,0,1,0,0,0,0,0,0,0,0,0,0,0,0,0,0,16,0,512,0
14.0,0,0,0,0,0,0,0,0,0,0,0,1,0,0,0,0,16,0,512,0
17.3,0,0,0,0,0,0,0,0,0,0,1,0,0,0,0,0,8,0,512,0
15.6,0,0,0,0,0,0,0,0,0,0,1,0,0,0,0,0,8,0,512,0
15.6,0,0,1,0,0,0,0,0,0,0,0,0,0,0,0,0,8,0,512,0
16.1,0,0,0,0,0,0,0,0,0,0,1,0,0,0,0,0,8,0,512,0
14.0,0,0,0,0,0,0,0,0,0,0,0,1,0,0,0,0,8,0,512,0
14.0,0,0,0,0,0,0,0,0,0,0,0,1,0,0,0,0,8,0,512,0
15.6,0,0,1,0,0,0,0,0,0,0,0,0,0,0,0,0,8,0,512,0
15.6,0,0,1,0,0,0,0,0,0,0,0,0,0,0,0,0,8,0,512,0
14.0,0,0,0,0,0,0,0,0,0,0,1,0,0,0,0,0,8,0,512,0
15.6,0,0,0,0,0,0,0,0,0,0,0,1,0,0,0,0,8,0,512,0
15.6,0,0,0,0,0,0,0,0,0,0,0,1,0,0,0,0,8,0,512,0
15.6,0,0,0,0,0,0,0,0,0,0,1,0,0,0,0,0,8,0,512,0
15.6,0,0,0,0,0,0,0,0,0,0,1,0,0,0,0,0,8,0,512,0
15.6,0,0,0,0,0,0,0,0,0,0,1,0,0,0,0,0,8,0,512,0
14.0,0,0,0,0,0,0,0,0,0,0,1,0,0,0,0,0,8,0,512,0
15.6,0,1,0,0,0,0,0,0,0,0,0,0,0,0,0,0,8,0,512,0
15.6,0,1,0,0,0,0,0,0,0,0,0,0,0,0,0,0,8,0,512,0
14.0,0,0,0,0,0,0,0,0,0,0,0,1,0,0,0,0,8,0,512,0
14.0,0,0,1,0,0,0,0,0,0,0,0,0,0,0,0,0,8,0,512,0
15.6,1,0,0,0,0,0,0,0,0,0,0,0,0,0,0,0,8,0,256,0
14.0,0,0,0,0,0,0,0,0,0,0,1,0,0,0,0,0,8,0,512,0
14.0,0,0,0,0,0,0,0,0,0,0,0,1,0,0,0,0,8,0,512,0
14.0,0,0,0,0,0,0,0,0,0,0,1,0,0,0,0,0,8,0,512,0
14.0,0,0,0,0,0,0,0,0,0,0,1,0,0,0,0,0,8,0,512,0
14.0,0,1,0,0,0,0,0,0,0,0,0,0,0,0,0,0,8,0,512,0
14.0,0,1,0,0,0,0,0,0,0,0,0,0,0,0,0,0,8,0,512,0
14.0,0,0,0,0,0,0,0,0,0,0,1,0,0,0,0,0,8,0,256,0
14.0,0,0,0,0,0,0,0,0,0,0,1,0,0,0,0,0,8,0,256,0
15.6,0,0,0,0,0,0,0,0,0,0,1,0,0,0,0,0,8,0,512,0
15.6,0,0,0,0,0,0,0,0,0,1,0,0,0,0,0,0,4,0,512,0
14.0,0,0,0,0,0,0,0,0,0,1,0,0,0,0,0,0,4,0,256,0
15.6,0,0,0,0,0,0,0,0,0,0,1,0,0,0,0,0,8,0,512,0
14.0,0,0,0,0,0,0,0,0,0,1,0,0,0,0,0,0,4,0,512,0
15.6,0,0,0,0,0,0,0,0,0,1,0,0,0,0,0,0,8,0,256,0
14.0,0,0,0,0,0,0,0,0,0,1,0,0,0,0,0,0,8,0,256,0
15.6,0,0,0,0,0,0,0,0,0,1,0,0,0,0,0,0,8,0,512,0
15.6,0,0,0,0,0,0,0,0,0,1,0,0,0,0,0,0,4,0,256,0
14.0,0,0,0,0,0,0,0,0,0,1,0,0,0,0,0,0,4,0,256,0
14.0,0,0,0,0,0,0,0,0,0,1,0,0,0,0,0,0,4,0,256,0
15.6,0,0,0,0,0,0,0,0,0,1,0,0,0,0,0,0,4,0,256,0
14.0,0,0,0,0,0,0,0,0,0,0,0,0,0,0,0,1,4,0,256,0
14.0,0,0,0,0,0,0,0,1,0,0,0,0,0,0,0,0,4,0,256,0
13.3,0,0,0,0,0,0,0,0,0,0,1,0,0,0,0,0,8,0,512,0
14.1,0,0,0,0,0,0,0,0,0,1,0,0,0,0,0,0,4,0,512,0
14.0,1,0,0,0,0,0,0,0,0,0,0,0,0,0,0,0,8,0,512,0
15.6,0,0,0,0,0,0,0,0,0,0,1,0,0,0,0,0,8,0,512,0
15.6,0,0,0,0,0,0,0,0,0,1,0,0,0,0,0,0,4,0,256,0
15.6,0,0,0,0,0,0,0,0,0,0,1,0,0,0,0,0,8,0,256,0
15.6,0,0,0,0,0,0,0,0,0,0,1,0,0,0,0,0,8,0,512,0
15.6,0,0,0,0,0,0,0,0,0,0,1,0,0,0,0,0,8,0,512,0
15.6,0,0,0,0,0,0,0,0,0,0,1,0,0,0,0,0,8,0,512,0
15.6,0,0,0,0,0,0,0,0,0,1,0,0,0,0,0,0,8,0,512,0
15.6,0,0,0,0,0,0,0,0,0,1,0,0,0,0,0,0,4,0,512,0
13.3,0,0,0,0,0,0,0,0,0,0,0,1,0,0,0,0,16,0,512,0
15.6,0,1,0,0,0,0,0,0,0,0,0,0,0,0,0,0,8,0,256,0
15.6,0,1,0,0,0,0,0,0,0,0,0,0,0,0,0,0,8,0,512,0
14.0,0,0,0,0,0,0,0,0,0,0,0,1,0,0,0,0,16,0,512,0
15.6,0,0,1,0,0,0,0,0,0,0,0,0,0,0,0,0,8,0,512,0
14.0,0,0,0,0,0,0,0,0,0,1,0,0,0,0,0,0,8,0,512,0
15.6,0,0,0,0,0,0,0,0,0,0,1,0,0,0,0,0,12,0,256,0
15.6,0,1,0,0,0,0,0,0,0,0,0,0,0,0,0,0,8,0,512,0
15.6,0,0,0,0,0,0,0,0,0,1,0,0,0,0,0,0,8,0,512,0
15.6,0,0,0,0,0,0,0,0,0,0,1,0,0,0,0,0,8,0,512,0
15.6,0,0,0,0,0,0,0,0,0,1,0,0,0,0,0,0,8,0,256,0
15.6,0,0,0,0,0,0,0,0,0,0,1,0,0,0,0,0,8,0,512,0
14.0,0,0,0,0,0,0,0,0,0,1,0,0,0,0,0,0,8,0,256,0
15.6,0,0,0,0,0,0,0,0,0,0,1,0,0,0,0,0,8,0,256,0
15.6,0,0,0,0,0,0,0,0,0,0,1,0,0,0,0,0,8,0,512,0
15.6,0,0,0,0,0,0,0,0,0,0,1,0,0,0,0,0,8,0,512,0
15.6,0,1,0,0,0,0,0,0,0,0,0,0,0,0,0,0,8,0,256,0
14.0,0,0,0,0,0,0,0,0,0,1,0,0,0,0,0,0,8,0,512,0
14.0,0,0,0,0,0,0,0,0,0,0,1,0,0,0,0,0,8,0,512,0
14.0,0,0,0,0,0,0,0,1,0,0,0,0,0,0,0,0,4,0,0,64
15.6,0,0,0,0,0,0,0,0,0,1,0,0,0,0,0,0,8,0,256,0
15.6,0,0,0,0,0,0,0,0,0,0,1,0,0,0,0,0,8,0,256,0
15.6,0,0,0,0,0,0,0,0,0,0,0,1,0,0,0,0,8,0,512,0
14.0,0,0,0,0,0,0,0,0,0,0,1,0,0,0,0,0,8,0,512,0
13.3,0,0,0,0,1,0,0,0,0,0,0,0,0,0,0,0,16,0,512,0
13.3,0,0,0,0,1,0,0,0,0,0,0,0,0,0,0,0,8,0,256,0
13.3,0,0,0,0,1,0,0,0,0,0,0,0,0,0,0,0,8,0,256,0
14.0,0,0,0,0,0,0,0,0,0,1,0,0,0,0,0,0,4,1000,0,0
15.6,0,0,0,0,0,0,0,0,0,1,0,0,0,0,0,0,4,1000,0,0
15.6,0,0,0,0,0,0,0,0,0,0,1,0,0,0,0,0,4,1000,0,0
15.6,0,0,0,0,0,0,0,0,0,0,0,0,0,0,0,1,4,512,0,0
15.6,0,0,0,0,0,0,0,0,0,1,0,0,0,0,0,0,4,1000,0,0
15.6,0,0,0,0,0,0,0,1,0,0,0,0,0,0,0,0,4,0,128,0
14.0,0,0,0,0,0,0,0,0,0,1,0,0,0,0,0,0,8,0,512,0
14.0,0,0,0,0,0,0,1,0,0,0,0,0,0,0,0,0,32,0,512,0
15.6,0,0,0,0,0,0,0,0,0,1,0,0,0,0,0,0,8,0,512,0
14.0,0,0,0,0,0,0,0,0,0,1,0,0,0,0,0,0,8,0,256,0
13.3,0,0,0,0,0,0,0,0,0,0,1,0,0,0,0,0,8,0,512,0
13.3,0,0,0,0,1,0,0,0,0,0,0,0,0,0,0,0,8,0,256,0
13.3,0,0,0,0,1,0,0,0,0,0,0,0,0,0,0,0,8,0,256,0
13.3,0,0,0,0,1,0,0,0,0,0,0,0,0,0,0,0,8,0,256,0
13.3,0,0,0,0,1,0,0,0,0,0,0,0,0,0,0,0,8,0,256,0
13.3,0,0,0,0,1,0,0,0,0,0,0,0,0,0,0,0,8,0,256,0
15.6,0,0,0,0,0,0,0,0,0,0,1,0,0,0,0,0,8,0,256,0
15.6,0,0,0,0,0,0,0,0,0,0,1,0,0,0,0,0,8,0,512,0
14.0,0,0,0,0,0,0,0,0,0,0,1,0,0,0,0,0,8,0,512,0
14.0,0,0,0,0,0,0,0,0,0,0,1,0,0,0,0,0,8,0,512,0
15.6,0,0,0,0,0,0,0,0,0,0,1,0,0,0,0,0,8,0,256,0
14.0,0,1,0,0,0,0,0,0,0,0,0,0,0,0,0,0,8,0,256,0
14.0,0,0,1,0,0,0,0,0,0,0,0,0,0,0,0,0,16,0,512,0
14.0,0,0,0,0,0,0,0,0,0,0,1,0,0,0,0,0,8,0,512,0
15.6,0,1,0,0,0,0,0,0,0,0,0,0,0,0,0,0,8,0,512,0
14.0,0,1,0,0,0,0,0,0,0,0,0,0,0,0,0,0,8,0,512,0
15.6,0,0,0,0,0,0,0,0,0,0,1,0,0,0,0,0,8,0,512,0
15.6,0,0,0,0,0,0,0,0,0,0,1,0,0,0,0,0,8,0,512,0
14.0,0,0,0,0,0,0,0,0,0,1,0,0,0,0,0,0,8,0,256,0
15.6,0,0,0,0,0,0,0,0,0,0,1,0,0,0,0,0,8,0,512,0
14.0,0,0,0,0,0,0,0,0,0,0,1,0,0,0,0,0,8,0,512,0
13.3,0,0,0,0,0,0,0,0,0,0,0,1,0,0,0,0,16,0,512,0
14.0,0,0,1,0,0,0,0,0,0,0,0,0,0,0,0,0,16,0,1000,0
14.0,0,0,0,0,0,0,0,0,0,0,1,0,0,0,0,0,8,0,256,0
13.3,0,0,0,0,0,0,0,0,0,0,0,1,0,0,0,0,8,0,512,0
15.6,0,0,0,0,0,0,0,0,0,0,1,0,0,0,0,0,8,0,512,0
15.6,0,0,0,0,0,0,0,0,0,1,0,0,0,0,0,0,8,0,512,0
15.6,0,1,0,0,0,0,0,0,0,0,0,0,0,0,0,0,8,0,256,0
13.3,0,0,0,0,0,0,0,0,0,0,1,0,0,0,0,0,8,0,512,0
15.6,0,0,0,0,0,0,0,0,0,1,0,0,0,0,0,0,4,0,512,0
14.0,0,0,0,0,0,0,0,0,0,0,0,1,0,0,0,0,8,0,512,0
15.6,1,0,0,0,0,0,0,0,0,0,0,0,0,0,0,0,8,0,512,0
15.6,0,0,0,0,0,0,0,0,0,0,0,1,0,0,0,0,8,0,512,0
15.6,0,0,0,0,0,0,0,0,0,0,1,0,0,0,0,0,8,0,512,0
15.6,0,0,0,0,0,0,0,0,0,0,1,0,0,0,0,0,12,0,256,0
14.0,0,0,0,0,0,0,0,0,0,0,1,0,0,0,0,0,8,0,512,0
14.0,0,0,0,0,0,0,0,0,0,0,1,0,0,0,0,0,8,0,256,0
14.0,0,0,0,0,0,0,0,0,0,0,1,0,0,0,0,0,8,0,512,0
14.0,0,0,0,0,0,0,0,0,0,0,0,0,0,0,0,1,4,0,256,0
14.0,0,0,0,0,0,0,0,0,0,0,1,0,0,0,0,0,8,0,512,0
15.6,0,0,0,0,0,0,0,0,0,0,1,0,0,0,0,0,8,0,512,0
15.6,0,0,0,0,0,0,0,0,0,0,1,0,0,0,0,0,4,0,512,0
15.6,0,1,0,0,0,0,0,0,0,0,0,0,0,0,0,0,8,0,512,0
15.6,0,0,0,0,0,0,0,0,0,0,1,0,0,0,0,0,8,0,512,0
15.6,0,0,0,0,0,0,0,0,0,0,1,0,0,0,0,0,8,0,256,0
15.6,0,0,1,0,0,0,0,0,0,0,0,0,0,0,0,0,8,0,512,0
15.6,0,1,0,0,0,0,0,0,0,0,0,0,0,0,0,0,8,0,512,0
15.6,0,0,0,0,0,0,0,0,0,1,0,0,0,0,0,0,8,0,256,0
16.2,0,0,0,0,0,0,1,0,0,0,0,0,0,0,0,0,16,0,1000,0
14.0,0,0,0,0,0,0,1,0,0,0,0,0,0,0,0,0,16,0,512,0
15.6,0,0,0,0,0,0,0,0,0,1,0,0,0,0,0,0,4,0,256,0
15.6,0,0,0,0,0,0,0,0,0,0,0,1,0,0,0,0,8,0,512,0
14.0,0,0,0,0,0,0,0,0,0,0,1,0,0,0,0,0,4,1000,256,0
15.6,0,0,0,0,0,0,0,0,0,0,0,1,0,0,0,0,8,0,512,0
14.0,1,0,0,0,0,0,0,0,0,0,0,0,0,0,0,0,8,0,512,0
14.0,0,0,0,0,0,0,0,0,0,1,0,0,0,0,0,0,8,0,256,0
15.6,0,0,0,0,0,0,0,0,0,0,0,1,0,0,0,0,8,0,512,0
15.6,0,1,0,0,0,0,0,0,0,0,0,0,0,0,0,0,8,0,512,0
15.6,0,0,0,0,0,0,0,0,0,0,1,0,0,0,0,0,8,0,512,0
15.6,0,0,0,0,0,0,0,1,0,0,0,0,0,0,0,0,4,0,256,0
15.6,0,0,0,0,0,0,0,0,0,1,0,0,0,0,0,0,8,0,256,0
14.0,0,1,0,0,0,0,0,0,0,0,0,0,0,0,0,0,16,0,512,0
15.6,0,0,0,0,0,0,0,0,0,0,1,0,0,0,0,0,8,0,512,0
15.6,0,0,0,0,0,0,0,0,0,0,1,0,0,0,0,0,8,0,512,0
15.6,0,1,0,0,0,0,0,0,0,0,0,0,0,0,0,0,8,0,512,0
15.6,0,0,0,0,0,0,0,0,0,0,1,0,0,0,0,0,8,0,512,0
15.6,0,0,0,0,0,0,0,1,0,0,0,0,0,0,0,0,4,0,128,0
14.0,0,0,0,0,0,0,0,0,0,0,1,0,0,0,0,0,8,0,512,0
14.0,0,0,0,0,0,0,0,0,0,1,0,0,0,0,0,0,8,0,256,0
15.6,0,0,0,0,0,0,0,0,0,0,1,0,0,0,0,0,8,0,512,0
15.6,0,0,0,0,0,0,0,0,0,1,0,0,0,0,0,0,4,0,256,0
15.6,0,1,0,0,0,0,0,0,0,0,0,0,0,0,0,0,8,0,256,0
15.6,0,0,0,0,0,0,0,0,0,0,0,0,0,0,0,1,4,0,128,0
14.0,0,0,0,0,0,0,0,0,0,0,0,1,0,0,0,0,8,0,512,0
14.0,0,0,0,0,0,0,0,0,0,1,0,0,0,0,0,0,8,0,512,0
12.4,0,0,0,0,0,0,0,0,0,0,1,0,0,0,0,0,8,0,256,0
12.4,0,0,0,0,0,0,0,0,0,0,1,0,0,0,0,0,8,0,128,0
12.4,0,0,0,0,0,0,0,0,0,0,1,0,0,0,0,0,8,0,128,0
12.4,0,0,0,0,0,0,0,0,0,0,1,0,0,0,0,0,8,0,128,0
15.6,0,0,0,0,0,0,0,0,0,0,1,0,0,0,0,0,8,0,512,0
16.1,0,1,0,0,0,0,0,0,0,0,0,0,0,0,0,0,8,0,512,0
15.6,0,0,0,0,0,0,0,0,0,0,1,0,0,0,0,0,16,0,512,0
15.6,0,0,0,0,0,0,0,0,0,0,1,0,0,0,0,0,8,0,512,0
15.6,0,0,0,0,0,0,0,0,0,0,1,0,0,0,0,0,8,0,256,0
15.6,0,0,0,0,0,0,0,0,0,0,1,0,0,0,0,0,8,0,512,0
15.6,0,0,0,0,0,0,0,0,0,0,1,0,0,0,0,0,8,0,512,0
15.6,0,0,0,0,0,0,0,0,0,0,0,1,0,0,0,0,8,0,512,0
13.3,0,0,0,0,1,0,0,0,0,0,0,0,0,0,0,0,16,0,512,0
13.3,0,0,0,0,1,0,0,0,0,0,0,0,0,0,0,0,16,0,256,0
13.3,0,0,0,0,1,0,0,0,0,0,0,0,0,0,0,0,8,0,256,0
13.3,0,0,0,0,1,0,0,0,0,0,0,0,0,0,0,0,8,0,256,0
13.3,0,0,0,0,1,0,0,0,0,0,0,0,0,0,0,0,8,0,256,0
14.1,0,0,0,0,0,0,0,1,0,0,0,0,0,0,0,0,6,0,128,0
14.0,0,0,0,0,0,0,0,0,0,0,1,0,0,0,0,0,4,1000,0,0
13.3,0,0,0,0,1,0,0,0,0,0,0,0,0,0,0,0,16,0,512,0
15.6,1,0,0,0,0,0,0,0,0,0,0,0,0,0,0,0,4,0,512,0
14.0,0,0,0,0,0,0,0,0,0,1,0,0,0,0,0,0,8,0,256,0
13.3,0,0,0,0,0,0,0,0,0,0,1,0,0,0,0,0,8,0,512,0
15.6,0,0,0,0,0,0,0,0,0,1,0,0,0,0,0,0,4,0,256,0
15.6,0,1,0,0,0,0,0,0,0,0,0,0,0,0,0,0,8,0,512,0
14.0,0,1,0,0,0,0,0,0,0,0,0,0,0,0,0,0,8,0,512,0
14.0,0,0,0,0,0,0,0,0,0,0,1,0,0,0,0,0,8,0,512,0
15.6,0,0,0,0,1,0,0,0,0,0,0,0,0,0,0,0,32,0,1000,0
15.6,0,1,0,0,0,0,0,0,0,0,0,0,0,0,0,0,16,0,512,0
15.6,0,1,0,0,0,0,0,0,0,0,0,0,0,0,0,0,8,0,512,0
13.3,0,0,0,0,0,0,0,0,0,0,1,0,0,0,0,0,8,0,256,0
14.0,0,0,0,0,0,0,0,0,0,0,1,0,0,0,0,0,8,0,512,0
15.6,0,0,1,0,0,0,0,0,0,0,0,0,0,0,0,0,8,0,512,0
13.3,0,0,0,0,0,0,0,0,0,0,1,0,0,0,0,0,8,0,512,0
13.3,0,0,0,0,0,0,0,0,0,0,0,1,0,0,0,0,8,0,512,0
13.3,0,0,0,0,0,0,0,0,0,0,1,0,0,0,0,0,8,0,256,0
16.1,0,1,0,0,0,0,0,0,0,0,0,0,0,0,0,0,8,0,512,0
16.0,0,0,0,0,0,0,0,0,0,0,0,1,0,0,0,0,32,0,1000,0
15.6,0,0,0,0,0,0,0,0,0,0,1,0,0,0,0,0,8,0,512,0
14.0,0,0,0,0,0,0,0,0,0,1,0,0,0,0,0,0,8,0,256,0
13.3,0,0,0,0,0,0,0,0,0,0,1,0,0,0,0,0,8,0,512,0
15.6,0,0,0,0,0,0,0,0,0,0,1,0,0,0,0,0,8,0,256,0
14.0,0,1,0,0,0,0,0,0,0,0,0,0,0,0,0,0,8,0,256,0
15.6,1,0,0,0,0,0,0,0,0,0,0,0,0,0,0,0,8,0,512,0
15.6,0,0,0,0,0,0,0,0,0,0,0,1,0,0,0,0,8,0,512,0
14.0,0,0,0,0,0,0,0,0,0,0,1,0,0,0,0,0,8,0,512,0
14.0,0,0,0,0,0,0,0,0,0,1,0,0,0,0,0,0,4,0,256,0
15.6,0,0,0,0,0,0,0,0,0,0,1,0,0,0,0,0,8,0,512,0
11.6,0,0,0,0,0,0,0,0,0,0,0,0,0,0,0,1,4,0,256,0
15.6,0,0,0,0,0,0,0,0,0,0,0,1,0,0,0,0,8,0,512,0
14.0,0,0,0,0,0,0,0,0,0,0,0,0,0,0,0,1,4,0,256,0
15.6,0,0,0,0,0,0,0,0,0,0,1,0,0,0,0,0,16,0,512,0
15.6,0,0,0,0,0,0,0,0,0,1,0,0,0,0,0,0,4,0,256,0
14.0,0,0,0,0,0,0,0,0,0,0,1,0,0,0,0,0,4,1000,256,0
15.6,0,0,0,0,0,0,0,0,0,0,0,1,0,0,0,0,16,0,512,0
15.6,0,0,0,0,0,0,0,0,0,0,0,1,0,0,0,0,8,0,512,0
15.6,0,0,0,0,0,0,0,0,0,0,0,1,0,0,0,0,8,0,512,0
14.0,0,0,1,0,0,0,0,0,0,0,0,0,0,0,0,0,8,0,512,0
15.6,0,0,0,0,0,0,0,0,0,0,0,0,0,0,0,1,4,0,128,0
15.6,0,0,0,0,0,0,0,0,0,0,1,0,0,0,0,0,8,0,512,0
15.6,0,0,0,0,0,0,0,1,0,0,0,0,0,0,0,0,4,0,128,0
12.4,0,0,0,0,0,0,0,0,0,0,1,0,0,0,0,0,8,0,256,0
12.4,0,0,0,0,0,0,0,0,0,0,1,0,0,0,0,0,8,0,128,0
15.6,0,0,0,0,0,0,0,0,0,0,1,0,0,0,0,0,8,0,512,0
15.6,0,0,0,0,0,0,0,0,0,0,0,1,0,0,0,0,16,0,512,0
15.6,0,0,0,0,0,0,0,0,0,0,1,0,0,0,0,0,8,0,512,0
15.6,0,0,1,0,0,0,0,0,0,0,0,0,0,0,0,0,16,0,512,0
15.6,0,0,0,0,0,0,0,0,0,0,0,1,0,0,0,0,8,0,512,0
15.6,0,0,0,0,0,0,0,0,0,0,1,0,0,0,0,0,8,0,512,0
15.6,0,0,0,0,0,0,0,0,0,0,0,1,0,0,0,0,8,0,512,0
15.6,0,0,0,0,0,0,0,0,0,0,1,0,0,0,0,0,16,0,512,0
14.0,0,0,0,0,0,0,0,0,0,1,0,0,0,0,0,0,8,0,512,0
15.6,0,0,0,0,0,0,0,0,0,0,1,0,0,0,0,0,8,0,512,0
15.6,0,0,0,0,0,0,0,0,0,0,1,0,0,0,0,0,8,0,512,0
15.6,0,0,0,0,0,0,0,0,0,0,0,1,0,0,0,0,8,1000,128,0
15.6,0,0,0,0,0,0,0,0,0,0,1,0,0,0,0,0,8,0,512,0
15.6,0,0,0,0,0,0,0,0,0,0,1,0,0,0,0,0,4,0,256,0
14.0,0,0,0,0,0,0,0,0,0,0,1,0,0,0,0,0,8,0,512,0
15.6,0,0,0,0,0,0,0,0,0,1,0,0,0,0,0,0,4,0,128,0
14.0,0,0,0,0,0,0,0,0,0,1,0,0,0,0,0,0,4,0,128,0
15.6,0,0,0,0,0,0,0,0,0,1,0,0,0,0,0,0,4,1000,0,0
15.6,0,0,0,0,0,0,0,0,0,1,0,0,0,0,0,0,4,1000,0,0
15.6,0,0,0,0,0,0,0,0,0,0,1,0,0,0,0,0,4,1000,0,0
14.0,0,0,0,0,0,0,0,0,0,0,1,0,0,0,0,0,4,1000,0,0
15.6,0,0,0,0,0,0,0,0,0,0,1,0,0,0,0,0,4,1000,0,0
15.6,0,0,0,0,0,0,0,0,0,1,0,0,0,0,0,0,4,1000,0,0
14.0,0,0,0,0,0,0,0,0,0,1,0,0,0,0,0,0,4,1000,0,0
15.6,0,0,0,0,0,0,0,0,0,1,0,0,0,0,0,0,4,1000,0,0
15.6,0,0,0,0,0,0,0,0,0,1,0,0,0,0,0,0,4,0,256,0
14.0,0,0,0,0,0,0,0,0,0,1,0,0,0,0,0,0,4,1000,0,0
14.0,0,0,0,0,0,0,0,0,0,1,0,0,0,0,0,0,4,1000,0,0
14.0,0,0,0,0,0,0,0,1,0,0,0,0,0,0,0,0,4,1000,0,0
15.6,0,0,0,0,0,0,0,0,0,1,0,0,0,0,0,0,4,512,0,0
15.6,0,0,0,0,0,0,0,0,0,1,0,0,0,0,0,0,4,512,0,0
14.0,0,0,0,0,0,0,0,0,0,1,0,0,0,0,0,0,4,1000,0,0
14.0,0,0,0,0,0,0,0,0,0,0,1,0,0,0,0,0,4,1000,0,0
15.6,0,0,0,0,0,0,0,0,0,0,1,0,0,0,0,0,4,1000,0,0
15.6,0,0,0,0,0,0,0,0,0,1,0,0,0,0,0,0,4,1000,0,0
14.0,0,0,0,0,0,0,0,0,0,1,0,0,0,0,0,0,4,1000,0,0
15.6,0,0,0,0,0,0,0,0,0,1,0,0,0,0,0,0,4,1000,0,0
15.6,0,0,0,0,0,0,0,0,0,1,0,0,0,0,0,0,4,512,0,0
15.6,0,0,0,0,0,0,0,0,0,0,1,0,0,0,0,0,4,1000,0,0
14.0,0,0,0,0,0,0,0,0,0,0,1,0,0,0,0,0,4,1000,0,0
14.0,0,0,0,0,0,0,0,0,0,0,1,0,0,0,0,0,4,1000,0,0
15.6,0,0,0,0,0,0,0,0,0,0,0,0,0,0,0,1,4,1000,0,0
15.6,0,0,0,0,0,0,0,0,0,0,1,0,0,0,0,0,4,1000,0,0
15.6,0,0,0,0,0,0,0,0,0,1,0,0,0,0,0,0,4,1000,0,0
14.0,0,0,0,0,0,0,0,0,0,0,0,1,0,0,0,0,4,1000,0,0
14.0,0,0,0,0,0,0,0,0,0,0,0,1,0,0,0,0,4,1000,0,0
14.0,0,0,0,0,0,0,0,0,0,0,0,1,0,0,0,0,4,0,512,0
15.6,0,0,0,0,0,0,0,0,0,0,1,0,0,0,0,0,4,1000,0,0
14.0,0,0,0,0,0,0,0,0,0,1,0,0,0,0,0,0,4,1000,0,0
14.0,1,0,0,0,0,0,0,0,0,0,0,0,0,0,0,0,32,1000,0,0
14.0,0,0,0,0,0,0,0,0,0,0,1,0,0,0,0,0,8,0,256,0
14.0,0,0,0,0,0,0,1,0,0,0,0,0,0,0,0,0,32,0,512,0
14.0,0,0,0,0,0,0,1,0,0,0,0,0,0,0,0,0,16,0,512,0
14.0,0,0,0,0,0,0,1,0,0,0,0,0,0,0,0,0,16,0,512,0
15.6,0,0,0,0,0,0,0,0,0,0,1,0,0,0,0,0,8,0,512,0
10.1,0,0,0,0,0,0,0,1,0,0,0,0,0,0,0,0,6,0,0,128
14.0,0,0,0,0,0,0,0,0,0,0,1,0,0,0,0,0,8,0,256,0
14.0,1,0,0,0,0,0,0,0,0,0,0,0,0,0,0,0,4,0,256,0
14.0,0,0,0,0,0,0,0,0,0,0,1,0,0,0,0,0,8,0,256,0
15.6,0,0,0,0,0,0,0,0,1,0,0,0,0,0,0,0,4,160,0,0
14.0,0,0,0,0,0,0,0,0,0,0,1,0,0,0,0,0,4,0,128,0
14.0,0,0,0,0,0,0,0,0,0,0,1,0,0,0,0,0,4,0,128,0
14.0,0,0,0,0,0,0,0,0,0,0,1,0,0,0,0,0,4,0,128,0
8.4,0,0,0,0,0,0,0,0,0,0,0,0,0,0,1,0,16,0,512,0
15.6,0,0,0,0,0,0,0,0,0,0,1,0,0,0,0,0,4,256,0,0
14.0,0,0,0,0,0,0,0,0,0,0,1,0,0,0,0,0,4,1000,0,0
15.6,0,0,0,0,0,0,0,0,0,0,0,0,0,0,0,1,4,1000,0,0
14.0,0,0,0,0,0,0,0,0,0,0,0,0,0,0,0,1,4,512,0,0
13.3,0,0,0,0,0,0,0,0,0,0,1,0,0,0,0,0,8,0,256,0
15.6,0,0,0,0,1,0,0,0,0,0,0,0,0,0,0,0,8,1000,0,0
15.6,0,0,0,0,0,0,0,0,0,0,0,1,0,0,0,0,8,0,256,0
15.6,0,0,0,0,0,0,0,0,0,0,0,1,0,0,0,0,8,1000,0,0
15.6,0,0,0,0,0,0,0,0,0,1,0,0,0,0,0,0,4,0,256,0
15.6,0,0,0,0,0,0,0,0,0,0,0,1,0,0,0,0,16,1000,256,0
13.3,0,0,0,0,0,0,0,0,0,0,1,0,0,0,0,0,8,0,256,0
13.3,0,0,0,0,0,0,0,0,0,0,1,0,0,0,0,0,8,0,256,0
13.3,0,0,0,0,0,0,0,0,0,0,1,0,0,0,0,0,8,0,128,0
13.3,0,0,0,0,0,0,0,0,0,0,1,0,0,0,0,0,8,0,128,0
13.3,0,0,0,0,0,0,0,0,0,0,1,0,0,0,0,0,8,0,128,0
13.3,0,0,0,0,0,0,0,0,0,0,1,0,0,0,0,0,8,0,128,0
11.6,0,0,0,0,0,0,0,1,0,0,0,0,0,0,0,0,8,0,256,0
16.2,0,0,0,0,0,0,0,0,0,0,0,0,0,1,0,0,16,0,1000,0
16.2,0,0,0,0,0,0,0,0,0,0,0,1,0,0,0,0,16,0,512,0
7.0,0,0,0,0,0,0,0,0,0,0,1,0,0,0,0,0,16,0,512,0
15.6,0,0,0,0,0,0,0,0,0,1,0,0,0,0,0,0,4,256,0,0
7.0,0,0,0,0,0,0,0,0,0,0,0,0,0,0,1,0,8,0,512,0
14.0,0,0,0,0,0,0,0,0,0,0,1,0,0,0,0,0,8,0,512,0
14.0,0,0,0,0,0,0,0,0,0,0,1,0,0,0,0,0,8,0,128,0
14.0,0,0,0,0,0,0,0,0,0,0,1,0,0,0,0,0,4,256,0,0
13.3,0,0,0,0,0,0,0,0,0,0,1,0,0,0,0,0,8,0,128,0
12.3,0,0,0,0,0,0,0,0,0,0,0,1,0,0,0,0,16,0,256,0
14.0,0,0,0,0,0,0,0,0,0,0,1,0,0,0,0,0,8,0,512,0
13.3,0,0,0,0,0,0,0,1,0,0,0,0,0,0,0,0,8,0,256,0
14.0,0,0,0,0,0,0,0,0,0,1,0,0,0,0,0,0,8,0,512,0
15.6,0,0,0,0,0,0,0,0,0,0,1,0,0,0,0,0,8,0,512,0
15.6,0,0,0,0,0,0,0,0,0,0,0,1,0,0,0,0,8,0,512,0
15.6,0,0,0,0,0,0,0,0,0,1,0,0,0,0,0,0,8,0,512,0
15.6,0,0,1,0,0,0,0,0,0,0,0,0,0,0,0,0,8,0,512,0
15.6,0,0,0,0,0,0,0,0,0,1,0,0,0,0,0,0,4,0,256,0
14.0,0,0,0,0,0,0,0,0,0,0,1,0,0,0,0,0,8,0,512,0
14.0,0,0,0,0,0,0,0,0,0,1,0,0,0,0,0,0,8,0,256,0
14.0,0,0,0,0,0,0,0,1,0,0,0,0,0,0,0,0,4,0,128,0
11.6,0,0,0,0,0,0,0,1,0,0,0,0,0,0,0,0,4,0,0,128
14.0,0,0,1,0,0,0,0,0,0,0,0,0,0,0,0,0,4,0,512,0
14.0,0,1,0,0,0,0,0,0,0,0,0,0,0,0,0,0,4,0,512,0
14.0,0,0,1,0,0,0,0,0,0,0,0,0,0,0,0,0,4,0,512,0
15.6,0,1,0,0,0,0,0,0,0,0,0,0,0,0,0,0,8,0,512,0
16.1,0,1,0,0,0,0,0,0,0,0,0,0,0,0,0,0,8,0,512,0
16.1,0,0,0,0,0,0,0,0,0,0,0,1,0,0,0,0,8,0,512,0
16.1,0,0,0,0,0,0,0,0,0,0,0,1,0,0,0,0,8,0,512,0
15.6,0,0,1,0,0,0,0,0,0,0,0,0,0,0,0,0,16,0,512,0
15.6,0,0,0,0,0,0,0,0,0,0,0,1,0,0,0,0,8,0,512,0
16.0,0,1,0,0,0,0,0,0,0,0,0,0,0,0,0,0,16,0,512,0
15.6,0,0,0,0,0,0,0,0,0,0,1,0,0,0,0,0,8,0,512,0
14.0,0,0,0,0,0,0,0,0,0,0,1,0,0,0,0,0,8,0,512,0
15.6,0,0,0,0,0,0,0,0,0,0,1,0,0,0,0,0,8,0,512,0
15.6,0,1,0,0,0,0,0,0,0,0,0,0,0,0,0,0,8,0,512,0
16.2,0,0,0,0,0,0,1,0,0,0,0,0,0,0,0,0,32,0,512,0
14.0,0,0,0,0,0,0,0,1,0,0,0,0,0,0,0,0,8,0,256,0
13.3,0,0,0,0,0,0,0,1,0,0,0,0,0,0,0,0,8,0,256,0
13.3,0,0,0,0,0,0,0,0,0,0,1,0,0,0,0,0,8,0,512,0
16.1,0,0,0,0,0,0,0,0,0,0,1,0,0,0,0,0,16,0,512,0
15.6,0,0,1,0,0,0,0,0,0,0,0,0,0,0,0,0,8,0,512,0
16.2,0,0,0,0,0,0,1,0,0,0,0,0,0,0,0,0,16,0,512,0
13.3,0,0,0,0,1,0,0,0,0,0,0,0,0,0,0,0,8,0,512,0
13.3,0,0,0,0,1,0,0,0,0,0,0,0,0,0,0,0,8,0,512,0
14.0,0,0,0,0,0,0,0,0,0,0,1,0,0,0,0,0,8,0,512,0
14.0,0,0,1,0,0,0,0,0,0,0,0,0,0,0,0,0,8,0,512,0
13.3,0,0,0,0,0,0,0,0,0,0,1,0,0,0,0,0,8,0,256,0
17.3,0,0,1,0,0,0,0,0,0,0,0,0,0,0,0,0,8,0,512,0
15.6,0,0,1,0,0,0,0,0,0,0,0,0,0,0,0,0,8,0,512,0
14.0,0,0,0,0,0,0,0,0,0,0,0,1,0,0,0,0,8,0,512,0
15.6,0,1,0,0,0,0,0,0,0,0,0,0,0,0,0,0,8,0,512,0
15.6,0,0,0,0,0,0,0,0,0,0,1,0,0,0,0,0,8,0,512,0
15.6,0,0,0,0,0,0,0,0,0,0,1,0,0,0,0,0,8,0,512,0
14.0,0,1,0,0,0,0,0,0,0,0,0,0,0,0,0,0,8,0,512,0
14.0,0,0,0,0,0,0,0,0,0,0,1,0,0,0,0,0,8,0,512,0
13.3,0,0,0,0,0,0,0,0,0,0,0,1,0,0,0,0,8,0,512,0
14.0,0,0,0,0,0,0,0,0,0,0,1,0,0,0,0,0,8,0,512,0
14.0,0,1,0,0,0,0,0,0,0,0,0,0,0,0,0,0,8,0,512,0
14.0,0,0,1,0,0,0,0,0,0,0,0,0,0,0,0,0,8,0,512,0
16.1,0,0,0,0,0,0,0,0,0,0,1,0,0,0,0,0,8,0,512,0
14.0,0,0,0,0,0,0,0,0,0,0,1,0,0,0,0,0,8,0,256,0
14.0,0,0,0,0,0,0,0,0,0,0,1,0,0,0,0,0,8,0,256,0
14.0,0,0,0,0,0,0,0,0,0,1,0,0,0,0,0,0,4,0,256,0
15.6,0,0,0,0,0,0,0,0,0,0,1,0,0,0,0,0,8,0,512,0
15.6,0,0,0,0,0,0,0,0,0,0,1,0,0,0,0,0,8,0,256,0
16.0,0,0,0,0,0,0,0,0,0,0,0,1,0,0,0,0,64,0,1000,0
16.1,0,0,1,0,0,0,0,0,0,0,0,0,0,0,0,0,8,0,512,0
14.0,0,0,0,0,0,0,0,0,0,0,1,0,0,0,0,0,16,0,512,0
15.6,0,0,0,0,0,0,0,0,0,0,1,0,0,0,0,0,8,0,512,0
15.6,0,0,0,0,0,0,0,0,0,0,0,1,0,0,0,0,8,0,512,0
14.0,0,0,0,0,0,0,0,0,0,0,1,0,0,0,0,0,4,0,512,0
14.0,0,1,0,0,0,0,0,0,0,0,0,0,0,0,0,0,8,0,512,0
13.0,0,0,0,0,0,0,0,0,0,0,1,0,0,0,0,0,8,0,256,0
14.0,0,0,0,0,0,0,0,0,0,0,1,0,0,0,0,0,16,0,512,0
14.0,0,0,1,0,0,0,0,0,0,0,0,0,0,0,0,0,16,0,1000,0
13.3,0,1,0,0,0,0,0,0,0,0,0,0,0,0,0,0,8,0,256,0
15.6,0,0,0,0,0,0,0,0,0,0,1,0,0,0,0,0,8,0,512,0
14.0,0,0,1,0,0,0,0,0,0,0,0,0,0,0,0,0,8,0,512,0
14.0,0,0,0,0,0,0,0,0,0,0,1,0,0,0,0,0,4,0,512,0
14.0,0,0,0,0,0,0,0,0,0,0,1,0,0,0,0,0,8,0,256,0
15.6,0,0,0,0,0,0,0,0,0,0,1,0,0,0,0,0,4,0,512,0
14.0,0,1,0,0,0,0,0,0,0,0,0,0,0,0,0,0,8,0,512,0
13.3,0,0,0,0,0,0,0,0,0,1,0,0,0,0,0,0,8,0,256,0
11.6,0,0,0,0,0,0,0,1,0,0,0,0,0,0,0,0,4,0,128,0
15.6,0,0,0,0,0,0,0,0,0,0,1,0,0,0,0,0,8,0,512,0
15.6,0,0,0,0,0,0,0,0,0,0,1,0,0,0,0,0,8,0,256,0
14.0,0,0,0,0,0,0,0,0,0,0,1,0,0,0,0,0,8,0,256,0
15.6,0,0,0,0,0,0,0,0,0,1,0,0,0,0,0,0,4,0,256,0
15.6,0,0,0,0,0,0,0,0,0,1,0,0,0,0,0,0,4,0,256,0
15.6,0,0,0,0,0,0,0,0,0,1,0,0,0,0,0,0,4,0,256,0
15.6,0,0,0,0,0,0,0,0,0,1,0,0,0,0,0,0,8,0,256,0
14.0,0,0,0,0,0,0,0,0,0,0,1,0,0,0,0,0,8,0,256,0
14.0,0,0,0,0,0,0,0,0,0,0,0,1,0,0,0,0,16,0,512,0
14.0,0,1,0,0,0,0,0,0,0,0,0,0,0,0,0,0,8,0,512,0
11.6,0,0,0,0,0,0,0,0,0,0,0,0,0,0,0,1,4,0,0,128
15.6,0,0,0,0,0,0,0,0,0,0,1,0,0,0,0,0,8,0,512,0
15.6,0,1,0,0,0,0,0,0,0,0,0,0,0,0,0,0,8,0,512,0
15.6,0,0,1,0,0,0,0,0,0,0,0,0,0,0,0,0,8,0,512,0
14.0,0,1,0,0,0,0,0,0,0,0,0,0,0,0,0,0,8,0,512,0
14.0,0,0,0,0,0,0,0,0,0,0,0,1,0,0,0,0,16,0,512,0
15.6,0,0,0,0,0,0,0,0,0,1,0,0,0,0,0,0,4,0,128,0
15.6,0,0,0,0,0,0,0,0,0,0,0,1,0,0,0,0,8,0,512,0
15.6,0,0,0,0,0,0,0,0,0,0,0,1,0,0,0,0,8,0,512,0
14.0,0,1,0,0,0,0,0,0,0,0,0,0,0,0,0,0,16,0,512,0
15.6,0,1,0,0,0,0,0,0,0,0,0,0,0,0,0,0,8,0,256,0
14.0,0,0,0,0,0,0,0,0,0,0,1,0,0,0,0,0,8,0,512,0
15.6,0,1,0,0,0,0,0,0,0,0,0,0,0,0,0,0,8,0,512,0
11.6,0,0,0,0,0,0,0,1,0,0,0,0,0,0,0,0,4,0,0,64
15.6,0,0,0,0,0,0,0,1,0,0,0,0,0,0,0,0,4,0,128,0
14.0,0,0,0,0,0,0,0,0,0,1,0,0,0,0,0,0,8,0,256,0
15.6,0,0,0,0,0,0,0,0,0,0,1,0,0,0,0,0,8,0,512,0
15.6,0,0,0,0,0,0,0,0,0,0,0,0,0,0,0,1,4,0,128,0
14.0,0,0,0,0,0,0,0,0,0,0,1,0,0,0,0,0,8,0,256,0
14.0,0,0,0,0,0,0,0,0,0,0,1,0,0,0,0,0,8,0,512,0
12.4,0,0,0,0,0,0,0,0,0,0,1,0,0,0,0,0,8,0,128,0
12.4,0,0,0,0,0,0,0,0,0,0,1,0,0,0,0,0,8,0,128,0
15.6,0,0,0,0,0,0,0,0,0,0,1,0,0,0,0,0,4,0,512,0
15.6,0,0,0,0,0,0,0,0,0,1,0,0,0,0,0,0,4,0,256,0
14.0,0,0,0,0,0,0,0,0,0,0,1,0,0,0,0,0,8,0,256,0
14.0,0,0,0,0,0,0,0,0,0,1,0,0,0,0,0,0,8,0,256,0
14.0,0,0,0,0,0,0,0,0,0,0,0,1,0,0,0,0,8,0,512,0
11.6,0,0,0,0,0,0,0,1,0,0,0,0,0,0,0,0,4,0,0,128
14.0,0,0,1,0,0,0,0,0,0,0,0,0,0,0,0,0,8,0,512,0
15.6,0,0,0,0,0,0,0,0,0,0,0,1,0,0,0,0,16,0,512,0
13.3,0,0,0,0,0,0,0,0,0,0,1,0,0,0,0,0,8,0,256,0
15.6,0,0,0,0,0,0,0,0,0,0,1,0,0,0,0,0,8,0,512,0
14.0,0,0,0,0,0,0,0,0,0,0,1,0,0,0,0,0,8,0,256,0
16.1,0,0,0,0,0,0,0,0,0,0,1,0,0,0,0,0,16,0,1000,0
16.1,0,1,0,0,0,0,0,0,0,0,0,0,0,0,0,0,8,0,512,0
15.6,0,0,0,0,0,0,0,0,0,0,1,0,0,0,0,0,16,0,512,0
15.6,0,0,0,0,0,0,0,0,0,0,0,1,0,0,0,0,16,0,512,0
14.0,0,1,0,0,0,0,0,0,0,0,0,0,0,0,0,0,8,0,512,0
15.6,0,0,0,0,0,0,0,0,0,0,1,0,0,0,0,0,8,0,512,0
15.6,0,0,0,0,0,0,0,0,0,0,0,1,0,0,0,0,8,0,512,0
15.6,0,0,0,0,0,0,0,0,0,0,0,1,0,0,0,0,8,0,512,0
15.6,0,0,0,0,0,0,0,0,0,0,1,0,0,0,0,0,8,0,512,0
15.6,0,0,0,0,0,0,0,0,0,0,1,0,0,0,0,0,8,0,512,0
15.6,0,0,0,0,0,0,0,0,0,0,0,1,0,0,0,0,8,0,512,0
15.6,0,1,0,0,0,0,0,0,0,0,0,0,0,0,0,0,8,0,512,0
15.6,0,0,0,0,0,0,0,0,0,0,1,0,0,0,0,0,8,0,256,0
15.6,0,0,0,0,0,0,0,0,0,1,0,0,0,0,0,0,8,0,512,0
15.6,0,0,0,0,0,0,0,0,0,0,1,0,0,0,0,0,8,0,512,0
15.6,0,0,0,0,0,0,0,0,0,0,0,1,0,0,0,0,16,0,512,0
13.4,0,0,0,0,0,0,0,0,0,0,0,1,0,0,0,0,16,0,1000,0
15.6,0,0,0,0,0,0,0,0,0,0,1,0,0,0,0,0,8,0,512,0
15.6,0,0,0,0,0,0,0,0,0,0,0,1,0,0,0,0,8,0,512,0
17.3,0,0,0,0,0,0,0,0,0,0,0,1,0,0,0,0,8,0,512,0
15.6,0,0,0,0,0,0,0,0,0,0,1,0,0,0,0,0,8,0,512,0
14.0,0,0,0,0,0,0,0,0,0,0,1,0,0,0,0,0,8,0,512,0
13.0,0,0,0,0,0,0,0,0,0,0,1,0,0,0,0,0,16,0,512,0
15.6,0,0,0,0,0,0,0,0,0,0,0,1,0,0,0,0,8,0,512,0
15.6,0,0,0,0,0,0,0,0,0,0,1,0,0,0,0,0,4,0,512,0
15.6,0,0,1,0,0,0,0,0,0,0,0,0,0,0,0,0,8,0,512,0
15.6,0,0,0,0,0,0,0,0,0,0,0,1,0,0,0,0,8,0,512,0
15.6,0,1,0,0,0,0,0,0,0,0,0,0,0,0,0,0,8,0,256,0
14.0,0,0,0,0,0,0,0,0,0,0,0,1,0,0,0,0,16,0,512,0
12.3,0,0,0,0,0,0,0,0,0,0,1,0,0,0,0,0,8,0,256,0
12.3,0,0,0,0,0,0,0,0,0,0,1,0,0,0,0,0,8,0,256,0
12.3,0,0,0,0,0,0,0,0,0,0,1,0,0,0,0,0,8,0,128,0
13.4,0,0,0,0,0,0,0,0,0,0,1,0,0,0,0,0,8,0,512,0
14.0,0,1,0,0,0,0,0,0,0,0,0,0,0,0,0,0,8,0,512,0
14.0,0,1,0,0,0,0,0,0,0,0,0,0,0,0,0,0,4,0,256,0
15.6,0,0,0,0,0,0,0,0,0,0,1,0,0,0,0,0,8,0,512,0
14.0,0,0,0,0,0,0,0,0,0,1,0,0,0,0,0,0,4,0,256,0
14.0,0,0,1,0,0,0,0,0,0,0,0,0,0,0,0,0,8,0,1000,0
15.6,0,0,0,0,0,0,0,0,0,1,0,0,0,0,0,0,4,0,256,0
15.6,0,0,0,0,0,0,0,0,0,1,0,0,0,0,0,0,4,0,256,0
15.6,0,0,0,0,0,0,0,0,0,1,0,0,0,0,0,0,4,512,0,0
14.0,0,0,0,0,0,0,0,0,0,1,0,0,0,0,0,0,4,1000,0,0
15.6,0,0,0,0,0,0,0,0,0,1,0,0,0,0,0,0,4,1000,0,0
15.6,0,0,0,0,0,0,0,0,0,0,1,0,0,0,0,0,8,1000,0,0
15.6,0,0,0,0,0,0,0,0,0,1,0,0,0,0,0,0,8,0,512,0
15.6,0,0,0,0,0,0,0,0,0,1,0,0,0,0,0,0,4,0,512,0
14.0,0,0,0,0,0,0,0,0,0,0,1,0,0,0,0,0,8,0,256,0
13.3,0,0,0,0,0,0,0,0,0,0,1,0,0,0,0,0,8,0,128,0
14.0,0,0,0,0,0,0,0,0,0,0,1,0,0,0,0,0,8,0,128,0
14.0,0,0,0,0,0,0,0,0,0,0,1,0,0,0,0,0,8,0,128,0
14.0,0,0,0,0,0,0,0,0,0,0,1,0,0,0,0,0,8,0,256,0
14.0,0,0,0,0,0,0,0,0,0,1,0,0,0,0,0,0,4,0,128,0
14.0,0,0,0,0,0,0,0,0,0,1,0,0,0,0,0,0,4,0,128,0
17.3,0,0,0,0,0,0,0,0,0,0,0,1,0,0,0,0,12,0,512,0
14.0,0,0,0,0,0,0,0,0,0,0,1,0,0,0,0,0,16,0,512,0
14.0,0,0,0,0,0,0,0,0,0,0,1,0,0,0,0,0,8,0,256,0
15.6,0,0,0,0,0,0,0,0,0,0,0,1,0,0,0,0,16,0,512,0
14.0,0,0,0,0,0,0,0,0,0,0,1,0,0,0,0,0,8,0,256,0
16.2,0,0,0,0,0,0,1,0,0,0,0,0,0,0,0,0,16,0,1000,0
14.0,0,0,0,0,0,0,1,0,0,0,0,0,0,0,0,0,16,0,1000,0
14.0,0,0,0,0,0,0,1,0,0,0,0,0,0,0,0,0,16,0,1000,0
16.2,0,0,0,0,0,0,1,0,0,0,0,0,0,0,0,0,16,0,1000,0
16.2,0,0,0,0,0,0,1,0,0,0,0,0,0,0,0,0,16,0,512,0
13.3,0,0,0,0,1,0,0,0,0,0,0,0,0,0,0,0,8,0,512,0
15.6,0,0,0,0,0,0,0,0,0,1,0,0,0,0,0,0,4,0,256,0
14.0,0,0,0,0,0,0,0,0,0,1,0,0,0,0,0,0,4,0,256,0
13.3,0,0,0,0,0,0,0,0,0,0,0,1,0,0,0,0,4,128,0,0
13.3,0,0,0,0,0,0,0,0,0,0,1,0,0,0,0,0,4,0,128,0
15.6,0,0,0,0,0,0,0,0,0,1,0,0,0,0,0,0,8,0,256,0
15.6,0,0,0,0,0,0,0,0,0,1,0,0,0,0,0,0,4,1000,0,0
15.6,0,0,0,0,0,0,0,0,0,0,0,1,0,0,0,0,8,0,512,0
15.6,0,0,0,0,0,0,0,0,0,0,0,1,0,0,0,0,16,0,512,0
14.0,0,0,0,0,0,0,0,0,0,1,0,0,0,0,0,0,8,0,512,0
14.0,0,1,0,0,0,0,0,0,0,0,0,0,0,0,0,0,8,0,512,0
14.0,0,0,0,0,0,0,0,0,0,1,0,0,0,0,0,0,4,0,256,0
15.6,1,0,0,0,0,0,0,0,0,0,0,0,0,0,0,0,4,0,256,0
15.6,0,0,1,0,0,0,0,0,0,0,0,0,0,0,0,0,8,0,512,0
14.0,0,0,0,0,0,0,0,0,0,0,1,0,0,0,0,0,4,320,0,0
15.6,0,1,0,0,0,0,0,0,0,0,0,0,0,0,0,0,4,0,512,0
14.0,0,0,0,0,0,0,0,0,0,1,0,0,0,0,0,0,4,0,256,0
14.0,1,0,0,0,0,0,0,0,0,0,0,0,0,0,0,0,4,0,256,0
14.0,0,0,0,0,0,0,0,0,0,1,0,0,0,0,0,0,8,0,256,0
15.6,0,0,0,0,0,0,0,0,0,1,0,0,0,0,0,0,8,0,256,0
15.6,0,1,0,0,0,0,0,0,0,0,0,0,0,0,0,0,8,0,256,0
14.0,0,0,0,0,0,0,0,0,0,1,0,0,0,0,0,0,4,0,512,0
14.0,1,0,0,0,0,0,0,0,0,0,0,0,0,0,0,0,4,0,512,0
15.6,0,0,0,0,0,0,0,0,0,0,1,0,0,0,0,0,8,0,256,0
14.0,0,0,0,0,0,0,0,0,0,1,0,0,0,0,0,0,8,0,256,0
15.6,1,0,0,0,0,0,0,0,0,0,0,0,0,0,0,0,4,0,512,0
15.6,0,0,0,0,0,0,0,0,0,1,0,0,0,0,0,0,4,0,128,0
15.6,0,0,0,0,0,0,0,0,0,1,0,0,0,0,0,0,8,0,256,0
15.6,0,0,0,0,0,0,0,0,0,1,0,0,0,0,0,0,4,0,256,0
14.0,0,0,0,0,0,0,0,0,0,1,0,0,0,0,0,0,4,0,128,0
14.0,0,0,0,0,0,0,0,0,0,1,0,0,0,0,0,0,4,0,128,0
15.6,0,1,0,0,0,0,0,0,0,0,0,0,0,0,0,0,8,1000,256,0
15.6,0,0,1,0,0,0,0,0,0,0,0,0,0,0,0,0,16,0,512,0
13.3,0,0,0,0,1,0,0,0,0,0,0,0,0,0,0,0,8,0,512,0
13.3,0,0,0,0,1,0,0,0,0,0,0,0,0,0,0,0,8,0,256,0
14.0,0,0,0,0,0,0,0,0,0,0,1,0,0,0,0,0,8,0,256,0
15.6,0,0,0,0,0,0,0,0,0,0,1,0,0,0,0,0,8,0,256,0
14.0,0,0,0,0,0,0,0,0,0,0,1,0,0,0,0,0,4,0,256,0
14.0,0,0,0,0,0,0,0,0,0,1,0,0,0,0,0,0,8,0,256,0
15.6,0,0,0,0,0,0,0,0,0,1,0,0,0,0,0,0,8,0,256,0
15.6,1,0,0,0,0,0,0,0,0,0,0,0,0,0,0,0,8,0,256,0
15.6,0,0,0,0,0,0,0,0,0,1,0,0,0,0,0,0,4,0,256,0
14.0,1,0,0,0,0,0,0,0,0,0,0,0,0,0,0,0,4,0,256,0
16.2,0,0,0,0,0,0,1,0,0,0,0,0,0,0,0,0,16,0,1000,0
14.0,0,0,0,0,0,0,0,0,0,1,0,0,0,0,0,0,4,0,128,0
14.0,0,0,0,0,0,0,0,0,0,1,0,0,0,0,0,0,4,0,256,0
15.6,0,0,0,0,0,0,0,0,0,1,0,0,0,0,0,0,4,0,256,0
14.0,0,0,0,0,0,0,0,0,0,1,0,0,0,0,0,0,4,0,128,0
14.0,1,0,0,0,0,0,0,0,0,0,0,0,0,0,0,0,4,0,512,0
15.6,0,0,0,0,0,0,0,0,0,1,0,0,0,0,0,0,4,0,256,0
14.0,0,0,0,0,0,0,0,0,0,1,0,0,0,0,0,0,4,0,128,0
15.6,0,0,0,0,0,0,0,0,0,1,0,0,0,0,0,0,4,0,128,0
15.6,1,0,0,0,0,0,0,0,0,0,0,0,0,0,0,0,8,0,256,0
15.6,0,0,0,0,0,0,0,0,0,1,0,0,0,0,0,0,4,0,256,0
14.0,0,0,0,0,0,0,0,0,0,1,0,0,0,0,0,0,4,0,128,0
14.0,0,0,0,0,0,0,0,0,0,1,0,0,0,0,0,0,4,0,128,0
14.0,0,0,0,0,0,0,0,0,0,1,0,0,0,0,0,0,4,0,256,0
12.5,0,0,0,0,0,0,0,0,0,0,1,0,0,0,0,0,4,0,128,0
12.5,0,0,0,0,0,0,0,0,0,0,1,0,0,0,0,0,4,0,128,0
14.0,0,0,0,0,0,0,0,0,0,0,1,0,0,0,0,0,8,0,512,0
15.6,0,0,0,0,0,0,0,0,0,1,0,0,0,0,0,0,4,0,256,0
15.6,0,0,0,0,0,0,0,0,0,0,1,0,0,0,0,0,8,0,256,0
13.3,0,0,0,0,0,0,0,0,0,0,1,0,0,0,0,0,4,0,512,0
13.3,0,0,0,0,1,0,0,0,0,0,0,0,0,0,0,0,8,0,256,0
13.3,0,0,0,0,1,0,0,0,0,0,0,0,0,0,0,0,8,0,256,0
14.0,0,0,0,0,0,0,0,0,0,0,0,1,0,0,0,0,8,0,512,0
15.6,0,0,0,0,0,0,0,0,0,1,0,0,0,0,0,0,4,320,0,0
15.6,0,0,0,0,0,0,0,0,0,1,0,0,0,0,0,0,4,320,0,0
15.6,0,0,0,0,0,0,0,0,0,0,1,0,0,0,0,0,4,0,128,0
15.6,0,0,0,0,0,0,0,0,0,0,1,0,0,0,0,0,4,0,512,0
15.6,0,0,0,0,0,0,0,0,0,0,1,0,0,0,0,0,4,1000,0,0
14.0,0,0,0,0,0,0,0,0,0,1,0,0,0,0,0,0,4,0,128,0
14.0,0,0,0,0,0,0,0,0,0,0,0,1,0,0,0,0,16,0,512,0
13.3,0,0,0,0,0,0,0,0,0,1,0,0,0,0,0,0,8,0,256,0
13.3,0,0,0,0,0,0,0,0,0,0,1,0,0,0,0,0,8,0,128,0
13.3,0,0,0,0,0,0,0,0,0,0,1,0,0,0,0,0,8,0,128,0
13.3,0,0,0,0,0,0,0,0,0,0,1,0,0,0,0,0,4,0,128,0
13.3,0,0,0,0,0,0,0,0,0,0,1,0,0,0,0,0,8,0,128,0
14.0,0,0,0,0,0,0,0,0,0,0,1,0,0,0,0,0,8,0,128,0
15.6,0,0,0,0,0,0,0,0,0,1,0,0,0,0,0,0,4,0,256,0
15.6,0,1,0,0,0,0,0,0,0,0,0,0,0,0,0,0,8,0,256,0
15.6,0,0,0,0,0,0,0,0,0,1,0,0,0,0,0,0,8,0,512,0
15.6,0,0,0,0,0,0,0,0,0,0,0,1,0,0,0,0,8,0,512,0
17.3,0,0,0,0,0,0,0,0,0,0,1,0,0,0,0,0,8,0,256,0
15.6,0,0,0,0,0,0,0,0,0,0,1,0,0,0,0,0,8,0,512,0
15.6,0,0,0,0,0,0,0,0,0,0,1,0,0,0,0,0,8,512,128,0
15.6,0,0,0,0,0,0,0,0,0,0,1,0,0,0,0,0,8,0,256,0
15.6,0,0,0,0,0,0,0,0,0,0,0,1,0,0,0,0,8,0,256,0
15.6,0,0,0,0,0,0,0,0,0,0,1,0,0,0,0,0,8,0,256,0
15.6,0,0,1,0,0,0,0,0,0,0,0,0,0,0,0,0,8,0,512,0
13.3,0,0,0,0,0,0,0,0,0,0,0,1,0,0,0,0,8,0,256,0
15.6,0,0,0,0,0,0,0,0,0,0,0,1,0,0,0,0,8,0,256,0
15.6,0,1,0,0,0,0,0,0,0,0,0,0,0,0,0,0,8,0,512,0
14.0,0,0,0,0,0,0,0,0,0,0,1,0,0,0,0,0,4,0,512,0
15.6,1,0,0,0,0,0,0,0,0,0,0,0,0,0,0,0,8,0,256,0
15.6,1,0,0,0,0,0,0,0,0,0,0,0,0,0,0,0,4,0,512,0
15.6,0,0,0,0,0,0,0,0,0,1,0,0,0,0,0,0,4,1000,0,0
15.6,0,0,0,0,0,0,0,0,0,0,0,1,0,0,0,0,8,0,512,0
13.3,0,0,0,0,0,0,0,0,0,0,0,1,0,0,0,0,16,0,512,0
13.3,0,0,0,0,0,0,0,0,0,0,1,0,0,0,0,0,4,0,512,0
14.0,1,0,0,0,0,0,0,0,0,0,0,0,0,0,0,0,4,0,512,0
14.0,0,0,0,0,0,0,0,0,0,1,0,0,0,0,0,0,4,0,512,0
15.6,0,0,0,0,0,0,0,0,0,0,1,0,0,0,0,0,8,0,512,0
14.0,0,0,0,0,0,0,0,0,0,0,1,0,0,0,0,0,8,0,256,0
14.0,0,0,0,0,0,0,0,0,0,0,1,0,0,0,0,0,4,1000,0,0
15.6,0,0,0,0,0,0,0,0,0,0,1,0,0,0,0,0,4,1000,0,0
14.0,0,0,0,0,0,0,0,0,0,1,0,0,0,0,0,0,4,0,512,0
14.0,0,1,0,0,0,0,0,0,0,0,0,0,0,0,0,0,8,0,512,0
15.6,0,1,0,0,0,0,0,0,0,0,0,0,0,0,0,0,8,0,256,0
13.0,0,0,0,0,0,0,0,0,0,0,1,0,0,0,0,0,16,0,512,0
15.6,0,0,0,0,0,0,0,0,0,0,1,0,0,0,0,0,4,0,256,0
14.0,0,0,0,0,0,0,0,0,0,1,0,0,0,0,0,0,4,1000,0,0
15.6,0,0,1,0,0,0,0,0,0,0,0,0,0,0,0,0,8,0,512,0
14.0,0,0,0,0,0,0,0,0,0,0,1,0,0,0,0,0,4,0,256,0
15.6,0,1,0,0,0,0,0,0,0,0,0,0,0,0,0,0,8,0,512,0
14.0,0,0,0,0,0,0,0,0,0,1,0,0,0,0,0,0,4,0,256,0
15.6,0,1,0,0,0,0,0,0,0,0,0,0,0,0,0,0,8,1000,128,0
15.6,0,1,0,0,0,0,0,0,0,0,0,0,0,0,0,0,8,0,512,0
15.6,0,0,0,0,0,0,0,0,0,0,1,0,0,0,0,0,8,0,512,0
15.6,0,0,0,0,0,0,0,0,0,0,1,0,0,0,0,0,8,0,512,0
13.4,0,0,0,0,0,0,0,0,0,0,1,0,0,0,0,0,8,0,256,0
15.6,0,1,0,0,0,0,0,0,0,0,0,0,0,0,0,0,8,0,512,0
14.0,0,0,0,0,0,0,0,0,0,1,0,0,0,0,0,0,4,0,512,0
13.3,0,0,0,0,0,0,0,0,0,0,1,0,0,0,0,0,4,0,512,0
15.6,0,0,0,0,0,0,0,0,0,0,1,0,0,0,0,0,8,0,512,0
13.3,0,0,0,0,0,0,0,0,0,0,1,0,0,0,0,0,4,0,256,0
14.0,0,0,0,0,0,0,0,0,0,0,0,1,0,0,0,0,8,0,256,0
14.0,1,0,0,0,0,0,0,0,0,0,0,0,0,0,0,0,4,0,512,0
15.6,0,0,0,0,0,0,0,0,0,0,1,0,0,0,0,0,4,1000,0,0
15.6,0,0,0,0,0,0,0,0,0,0,0,1,0,0,0,0,8,0,512,0
14.0,0,0,0,0,0,0,0,0,0,0,1,0,0,0,0,0,8,0,256,0
15.6,0,0,0,0,0,0,0,0,0,1,0,0,0,0,0,0,8,0,256,0
15.6,0,0,0,0,0,0,0,0,0,0,1,0,0,0,0,0,8,0,256,0
14.0,0,0,0,0,0,0,0,0,0,0,0,1,0,0,0,0,8,0,256,0
13.3,0,0,0,0,0,0,0,0,0,0,1,0,0,0,0,0,8,0,128,0
15.6,0,0,0,0,0,0,0,0,0,0,0,1,0,0,0,0,32,0,1000,0
15.6,0,0,1,0,0,0,0,0,0,0,0,0,0,0,0,0,16,0,512,0
14.0,0,0,0,0,0,0,0,0,0,0,1,0,0,0,0,0,8,0,512,0
